-85  85  69
-180  180  145
58.1000 76.3500 91.1000 57.1000 77.6000 91.6000 7.8575 91.8500 90.8500 96.8500 98.8500 94.1000 97.3500 97.6000 97.8500 93.3500 81.8500 75.1000 77.8500 84.3500 82.8500 78.3500 75.6000 76.6000 81.6000 83.3500 81.3500 78.3500 80.1000 81.1000 79.8500 77.8500 75.3500 78.6000 78.6000 77.1000 77.6000 75.8500 75.3500 76.6000 78.8500 78.1000 78.3500 79.1000 79.6000 79.8500 79.1000 81.3500 86.6000 90.1000 89.8500 92.6000 94.8500 94.6000 91.1000 84.3500 82.1000 83.1000 84.8500 88.3500 91.6000 96.6000 98.3500 98.8500 98.6000 98.8500 98.6000 98.6000 99.1000
61.3500 77.6000 83.3500 27.3525 60.1000 86.6000 9.3575 86.6000 90.1000 97.1000 98.6000 95.8500 98.3500 97.1000 97.1000 92.1000 82.1000 79.3500 80.3500 81.3500 81.3500 79.3500 76.8500 76.3500 79.1000 84.1000 83.6000 79.8500 83.8500 84.6000 80.6000 78.6000 76.3500 77.8500 78.6000 78.1000 78.8500 76.1000 73.6000 75.1000 80.3500 81.8500 77.3500 76.3500 79.1000 80.3500 78.6000 77.8500 82.1000 88.3500 90.6000 92.8500 94.6000 96.8500 92.6000 80.1000 76.1000 80.3500 83.8500 87.3500 92.1000 96.6000 98.8500 99.3500 98.8500 99.1000 98.3500 98.6000 99.1000
63.6000 78.3500 63.1000 -0.6400 42.1000 83.8500 8.3575 80.3500 90.8500 96.3500 96.8500 98.3500 99.1000 96.3500 97.1000 90.3500 81.8500 81.6000 82.8500 79.1000 80.8500 81.3500 77.8500 76.3500 80.1000 86.6000 84.1000 80.8500 87.1000 86.3500 79.6000 78.3500 77.3500 78.8500 80.1000 79.6000 80.8500 78.6000 76.3500 79.1000 84.6000 83.8500 75.8500 74.8500 79.3500 81.8500 80.6000 76.3500 76.3500 82.3500 87.3500 93.3500 94.6000 92.3500 90.6000 78.8500 73.1000 77.8500 83.8500 88.8500 94.8500 97.8500 99.1000 99.3500 98.8500 99.1000 98.1000 98.6000 99.1000
66.3500 78.6000 27.3525 -0.6400 35.6000 84.8500 1.1075 74.3525 92.3500 96.3500 96.3500 98.8500 98.1000 96.3500 97.3500 92.1000 83.8500 80.3500 79.8500 76.6000 80.3500 82.6000 79.3500 77.3500 79.1000 85.3500 82.8500 81.8500 89.1000 87.3500 79.8500 78.3500 79.1000 81.8500 82.1000 79.6000 80.6000 81.6000 82.3500 83.6000 86.8500 85.3500 75.8500 73.6000 78.3500 80.6000 80.6000 77.1000 74.8500 78.1000 84.6000 94.8500 95.8500 86.3500 84.3500 80.3500 75.6000 79.1000 85.3500 90.8500 96.6000 97.8500 98.6000 99.1000 98.8500 98.8500 98.1000 98.3500 99.1000
68.8500 77.8500 -0.1425 -0.6400 46.3500 90.8500 9.1075 59.6025 95.1000 97.1000 97.1000 98.8500 96.6000 96.3500 96.6000 93.3500 89.3500 81.8500 78.8500 77.1000 80.3500 81.8500 81.8500 80.6000 79.1000 83.8500 82.6000 79.3500 86.1000 88.1000 81.8500 79.8500 80.3500 81.8500 81.3500 77.3500 77.1000 82.1000 87.3500 87.3500 87.6000 88.8500 81.6000 75.3500 77.1000 78.6000 80.1000 79.3500 75.1000 79.1000 86.6000 94.1000 95.8500 85.6000 80.3500 82.8500 82.8500 84.3500 87.6000 90.3500 93.8500 95.1000 98.1000 99.1000 98.6000 98.8500 97.8500 98.1000 99.1000
71.6000 76.1000 -0.6400 -0.6400 70.8500 94.1000 18.3575 49.3550 96.3500 98.6000 98.1000 99.3500 95.8500 96.6000 94.6000 91.6000 94.1000 85.3500 81.1000 80.3500 82.6000 82.3500 80.6000 80.6000 79.3500 84.1000 82.8500 78.3500 83.3500 87.6000 83.1000 80.6000 81.1000 80.3500 80.1000 76.8500 75.1000 80.3500 86.8500 87.3500 84.8500 86.6000 84.1000 77.8500 76.3500 77.3500 80.6000 80.8500 76.1000 80.6000 87.3500 87.6000 90.3500 88.1000 82.8500 86.1000 88.8500 88.6000 88.1000 87.6000 88.3500 88.1000 95.3500 98.8500 97.8500 98.8500 97.8500 98.1000 99.1000
74.1000 73.8500 -0.6400 3.3575 94.6000 91.6000 23.8525 49.3550 97.3500 99.1000 97.6000 99.3500 97.3500 97.3500 93.3500 89.8500 95.6000 87.3500 83.1000 81.1000 83.6000 84.3500 79.8500 79.6000 81.3500 84.1000 82.1000 78.6000 79.8500 82.6000 81.8500 80.3500 79.8500 78.8500 79.1000 76.6000 76.3500 81.6000 85.6000 87.1000 81.3500 77.8500 80.1000 80.8500 77.8500 75.3500 79.1000 82.1000 79.1000 80.1000 82.6000 79.3500 81.6000 88.8500 87.1000 88.3500 89.3500 86.1000 82.8500 83.3500 83.8500 81.1000 91.3500 99.1000 97.6000 98.6000 97.8500 98.1000 98.8500
77.1000 71.8500 -0.6400 32.1025 98.1000 79.1000 48.3525 58.6025 96.8500 98.1000 96.1000 99.3500 97.3500 96.1000 91.8500 91.1000 95.6000 89.6000 86.3500 82.3500 83.8500 84.6000 80.1000 82.1000 86.1000 87.3500 82.8500 79.1000 76.3500 77.1000 79.3500 79.3500 78.3500 76.3500 79.1000 79.6000 78.8500 81.8500 87.6000 90.6000 84.1000 76.1000 77.3500 82.3500 80.6000 76.8500 77.6000 80.8500 83.1000 79.1000 75.6000 75.3500 76.6000 86.6000 89.3500 90.6000 88.1000 80.3500 76.1000 77.8500 80.1000 76.1000 88.6000 99.1000 97.6000 98.3500 97.8500 98.1000 98.8500
80.1000 71.1000 -0.6400 83.3500 96.1000 49.1025 90.8500 72.8500 97.3500 97.6000 95.6000 98.6000 95.8500 91.6000 89.3500 91.1000 93.3500 91.8500 89.1000 84.6000 86.1000 81.8500 78.8500 83.6000 89.8500 89.8500 82.3500 77.6000 75.1000 75.1000 77.8500 80.3500 79.1000 74.8500 76.1000 79.8500 79.6000 81.6000 88.6000 92.3500 87.6000 80.1000 75.8500 79.1000 81.6000 81.8500 81.3500 79.3500 82.8500 79.8500 74.8500 73.6000 75.6000 86.3500 91.1000 93.8500 88.8500 77.8500 73.8500 75.3500 77.6000 72.8500 84.8500 98.8500 97.6000 97.8500 98.1000 98.1000 98.8500
83.1000 72.1000 -0.6400 97.3500 68.3500 20.3550 98.8500 84.8500 98.8500 98.1000 98.1000 97.6000 94.3500 89.3500 87.8500 89.6000 90.1000 92.3500 87.6000 83.6000 87.3500 79.6000 79.8500 88.6000 92.1000 88.6000 78.8500 75.8500 73.6000 73.1000 79.1000 83.6000 81.1000 74.1000 72.1000 74.8500 77.1000 81.8500 89.3500 92.6000 87.1000 81.3500 77.6000 80.1000 81.6000 84.8500 86.3500 82.1000 84.6000 85.6000 81.1000 73.1000 74.3500 89.1000 94.3500 97.8500 92.3500 81.3500 77.8500 78.3500 77.6000 70.6000 80.8500 98.8500 97.6000 98.1000 98.1000 98.1000 98.8500
86.3500 75.6000 1.3575 99.3500 18.3550 -0.6400 99.3500 81.3500 99.3500 98.6000 98.6000 96.1000 92.8500 90.3500 88.6000 88.8500 89.3500 92.8500 86.8500 83.8500 86.6000 78.1000 85.3500 93.3500 90.8500 84.1000 77.6000 77.1000 73.6000 71.8500 78.1000 84.1000 81.6000 74.6000 73.1000 73.6000 75.1000 79.1000 85.6000 88.6000 83.8500 80.6000 81.6000 83.6000 82.6000 83.6000 88.1000 88.6000 90.6000 92.8500 91.3500 78.3500 76.6000 90.3500 93.8500 99.1000 94.3500 88.8500 84.8500 82.3500 78.8500 68.8500 76.1000 98.3500 97.6000 98.3500 98.6000 98.1000 98.8500
89.6000 80.3500 14.1025 98.3500 3.3575 -0.6400 99.3500 67.8500 98.1000 97.8500 95.6000 92.8500 90.3500 90.3500 88.3500 89.3500 90.3500 92.6000 88.8500 87.1000 84.1000 79.6000 92.3500 92.1000 84.8500 82.3500 80.1000 80.6000 76.6000 74.6000 77.1000 82.1000 82.8500 75.3500 73.8500 75.8500 77.3500 80.1000 83.3500 84.6000 80.8500 81.6000 84.6000 83.1000 82.3500 84.1000 86.6000 90.8500 94.3500 94.8500 97.3500 89.3500 83.8500 87.1000 89.3500 97.6000 93.6000 95.8500 89.3500 81.8500 79.3500 67.8500 72.1000 97.6000 98.1000 98.6000 98.8500 97.8500 98.8500
92.1000 84.3500 31.3525 89.6000 2.8575 -0.6400 99.3500 58.3500 97.1000 95.3500 92.6000 92.6000 89.8500 90.1000 87.1000 88.1000 89.8500 90.1000 88.8500 86.8500 79.1000 82.8500 96.6000 87.1000 82.1000 85.1000 83.1000 82.1000 79.1000 78.8500 80.1000 82.8500 82.8500 74.6000 74.1000 79.3500 84.6000 85.8500 83.8500 82.6000 81.3500 83.6000 85.3500 83.8500 83.3500 85.1000 84.8500 87.6000 92.3500 92.1000 96.1000 96.1000 91.3500 84.8500 86.3500 96.3500 91.6000 97.3500 88.3500 75.1000 78.3500 67.1000 68.6000 95.1000 98.1000 99.3500 99.1000 97.8500 98.8500
93.3500 87.3500 44.1025 80.8500 13.3550 -0.6400 99.3500 60.6000 95.1000 95.6000 89.1000 95.8500 91.6000 90.6000 88.1000 88.1000 91.1000 89.3500 88.1000 83.8500 73.8500 84.6000 97.1000 84.3500 82.3500 84.3500 79.8500 81.1000 79.1000 79.3500 82.8500 84.1000 80.3500 73.1000 73.6000 78.3500 85.1000 88.3500 83.6000 81.3500 83.8500 84.8500 84.6000 85.1000 82.8500 84.1000 86.3500 86.6000 89.6000 89.6000 91.8500 95.3500 96.1000 89.3500 90.1000 98.1000 91.1000 95.6000 84.3500 69.1000 76.6000 67.6000 66.8500 92.8500 98.1000 99.3500 99.3500 97.8500 98.8500
94.8500 89.1000 55.3500 73.1000 51.1000 -0.6400 94.8500 63.6000 88.8500 98.3500 86.6000 97.8500 91.3500 91.1000 91.1000 89.3500 92.6000 89.3500 87.8500 82.6000 71.1000 85.8500 96.6000 84.8500 83.3500 81.8500 78.3500 81.8500 79.1000 79.1000 82.8500 81.3500 76.8500 75.1000 75.1000 74.3500 78.8500 86.1000 85.1000 81.8500 82.8500 85.3500 84.1000 84.8500 82.6000 84.3500 87.3500 86.1000 88.6000 88.3500 90.1000 93.3500 97.3500 95.6000 94.6000 99.1000 92.3500 93.1000 81.6000 67.8500 77.3500 69.3500 67.3500 92.1000 98.1000 99.3500 99.3500 97.8500 98.8500
96.3500 90.3500 71.8500 66.3500 90.6000 -0.6400 58.8525 62.6025 50.3525 99.3500 85.1000 94.6000 86.1000 87.6000 91.3500 89.6000 91.8500 86.6000 86.3500 81.1000 68.6000 85.6000 94.3500 84.8500 83.6000 81.8500 81.1000 84.3500 79.3500 80.3500 82.1000 77.3500 75.6000 77.3500 79.3500 74.8500 73.8500 79.3500 83.3500 80.3500 80.3500 85.1000 84.3500 84.3500 84.1000 84.8500 84.3500 84.1000 86.8500 84.6000 88.3500 92.6000 95.1000 97.1000 95.3500 99.3500 93.1000 89.8500 81.3500 72.6000 80.3500 72.6000 69.8500 92.6000 97.8500 99.3500 99.3500 97.3500 98.8500
97.8500 90.6000 83.1000 62.1000 99.3500 -0.6400 26.1050 60.1000 17.1050 99.3500 82.8500 86.8500 81.1000 82.8500 88.8500 89.6000 91.3500 85.6000 86.3500 79.3500 68.1000 83.6000 89.6000 83.3500 84.6000 81.1000 80.3500 84.6000 80.6000 82.3500 82.6000 76.3500 74.8500 76.8500 78.8500 75.1000 71.8500 74.6000 79.6000 80.8500 81.3500 84.6000 85.1000 84.8500 83.1000 83.6000 83.8500 85.8500 88.1000 81.6000 84.8500 90.3500 92.3500 97.3500 96.1000 98.1000 93.6000 87.6000 83.8500 79.6000 83.8500 76.6000 74.6000 94.3500 97.8500 99.1000 99.1000 97.3500 98.6000
98.8500 90.3500 90.6000 60.1000 99.3500 -0.6400 -0.6400 79.8500 25.8525 99.3500 83.3500 84.1000 81.3500 81.6000 86.3500 90.1000 92.1000 86.8500 87.1000 78.3500 68.3500 80.3500 83.8500 83.1000 86.3500 81.1000 80.3500 85.1000 82.8500 85.8500 85.8500 77.8500 73.6000 75.6000 79.6000 76.3500 71.3500 73.6000 77.8500 78.6000 79.6000 81.8500 84.1000 85.3500 82.6000 84.6000 87.1000 88.3500 90.6000 85.1000 85.1000 88.3500 90.8500 96.8500 97.1000 96.8500 92.3500 85.6000 86.6000 84.1000 85.3500 80.3500 80.8500 97.1000 97.3500 98.6000 99.1000 97.3500 98.8500
99.3500 89.6000 93.6000 60.3500 99.3500 41.1025 5.6075 89.8500 74.6000 99.3500 88.3500 87.8500 86.1000 82.1000 83.8500 88.8500 88.8500 85.3500 85.6000 74.8500 65.8500 75.1000 80.1000 82.6000 84.6000 82.1000 82.3500 83.6000 79.8500 84.3500 89.3500 81.6000 75.1000 76.1000 80.8500 78.8500 72.3500 76.3500 83.1000 77.8500 75.1000 79.1000 81.3500 83.6000 84.3500 85.1000 86.1000 89.1000 94.1000 92.6000 89.1000 87.6000 88.8500 94.8500 94.6000 92.3500 89.8500 85.6000 88.1000 84.8500 83.8500 82.8500 87.3500 98.8500 97.3500 98.3500 98.8500 97.1000 98.6000
99.1000 88.8500 94.6000 62.1000 94.1000 84.1000 34.3550 99.3500 98.3500 99.3500 93.8500 92.6000 87.6000 80.6000 80.1000 84.3500 85.1000 83.1000 84.8500 74.1000 64.1000 69.8500 78.8500 84.1000 84.6000 83.3500 82.3500 80.1000 77.3500 81.3500 89.3500 86.3500 79.1000 77.1000 77.6000 76.3500 71.3500 80.3500 92.3500 79.6000 71.8500 78.3500 80.8500 83.6000 86.1000 82.3500 85.3500 93.3500 96.1000 94.1000 89.8500 87.3500 87.3500 91.3500 91.3500 87.8500 87.8500 87.1000 88.8500 83.3500 80.8500 84.6000 92.3500 99.1000 97.1000 98.1000 98.6000 97.1000 98.6000
98.6000 87.1000 95.8500 65.8500 87.3500 99.3500 63.3525 99.3500 97.3500 98.1000 96.3500 93.8500 86.1000 79.6000 78.1000 80.6000 84.8500 85.1000 85.3500 75.6000 64.3500 69.1000 77.3500 84.3500 86.6000 85.3500 80.6000 77.1000 77.8500 80.6000 86.3500 84.6000 78.8500 77.8500 76.1000 74.6000 68.8500 78.3500 94.8500 81.3500 71.3500 78.8500 83.3500 84.6000 84.8500 81.8500 86.3500 93.8500 92.8500 93.1000 91.6000 89.6000 90.1000 92.1000 91.3500 87.6000 87.1000 88.8500 89.3500 81.6000 79.1000 86.1000 95.3500 99.3500 97.1000 97.8500 98.3500 97.1000 98.3500
97.1000 85.1000 96.1000 70.1000 85.1000 99.3500 87.1000 98.3500 93.8500 93.8500 97.1000 93.1000 85.3500 81.3500 78.8500 77.8500 84.8500 85.3500 83.6000 73.8500 64.6000 70.6000 77.1000 82.8500 85.8500 83.3500 79.8500 76.3500 76.8500 79.8500 84.3500 81.3500 77.6000 78.1000 76.3500 76.8500 69.1000 74.1000 93.6000 86.8500 74.6000 79.1000 85.1000 83.6000 83.8500 84.6000 82.6000 85.3500 91.3500 92.8500 90.3500 86.3500 87.3500 88.3500 89.3500 88.3500 88.3500 88.8500 89.1000 81.6000 78.8500 87.8500 95.8500 98.8500 97.1000 98.1000 98.3500 97.1000 98.3500
95.1000 83.6000 95.6000 75.8500 86.8500 99.3500 96.6000 98.6000 92.1000 92.8500 96.1000 91.6000 85.6000 81.6000 79.1000 75.3500 83.1000 83.8500 80.3500 72.3500 64.1000 71.6000 78.8500 85.3500 85.8500 80.3500 79.8500 77.1000 77.1000 81.6000 85.8500 80.3500 77.3500 80.1000 77.8500 80.8500 73.1000 72.6000 86.3500 81.6000 74.3500 80.8500 87.8500 83.6000 82.6000 83.8500 78.3500 86.1000 95.1000 90.6000 71.6000 67.3500 72.6000 75.1000 81.3500 86.8500 88.6000 87.6000 87.8500 82.3500 81.1000 89.8500 95.3500 97.8500 97.3500 98.1000 98.3500 97.1000 98.1000
92.1000 83.1000 94.8500 81.8500 91.1000 97.8500 97.6000 98.3500 94.3500 92.3500 92.8500 88.6000 84.6000 79.1000 78.1000 76.6000 82.3500 83.6000 79.1000 72.1000 64.8500 71.1000 79.3500 87.1000 85.1000 78.6000 79.8500 76.8500 76.3500 82.1000 88.1000 81.6000 75.6000 78.8500 77.8500 80.1000 74.8500 72.3500 77.3500 74.1000 76.8500 85.1000 89.6000 83.8500 81.1000 82.6000 86.3500 95.1000 88.3500 62.6000 49.8500 54.1000 62.6000 68.1000 78.1000 87.8500 87.3500 85.3500 86.8500 83.1000 83.8500 91.6000 92.6000 96.6000 97.6000 98.1000 98.3500 97.1000 98.1000
88.1000 82.8500 93.1000 87.8500 96.1000 98.1000 97.1000 98.6000 96.3500 91.6000 89.1000 85.1000 84.6000 77.6000 79.3500 79.6000 81.3500 81.6000 76.1000 71.3500 66.8500 72.6000 82.6000 88.3500 82.6000 78.6000 83.6000 78.6000 76.6000 82.3500 88.3500 82.3500 75.8500 80.1000 79.3500 79.3500 74.8500 72.1000 72.8500 72.8500 80.3500 86.8500 89.1000 86.1000 86.8500 89.6000 93.8500 94.1000 64.1000 40.1000 37.3500 51.3500 63.1000 71.3500 83.6000 93.8500 87.8500 84.8500 86.1000 83.3500 86.3500 92.6000 90.6000 96.3500 97.8500 98.1000 98.6000 96.8500 97.8500
82.3500 83.3500 91.1000 91.8500 99.1000 98.1000 97.3500 99.3500 96.8500 91.1000 88.1000 83.3500 87.1000 80.3500 82.6000 80.3500 77.6000 79.3500 74.8500 71.3500 69.6000 76.3500 86.6000 89.3500 80.3500 77.6000 85.6000 81.3500 77.1000 82.6000 88.1000 81.6000 78.1000 82.6000 81.3500 81.6000 75.3500 70.3500 70.1000 70.8500 79.3500 87.8500 93.1000 92.3500 92.8500 83.8500 69.3500 61.6000 43.3500 26.1000 30.6000 49.6000 64.3500 76.8500 91.6000 97.1000 90.3500 87.3500 85.6000 83.3500 88.8500 93.1000 90.1000 97.3500 97.6000 98.3500 98.8500 96.8500 97.6000
71.3500 84.1000 89.8500 94.6000 99.3500 98.1000 98.3500 99.3500 96.3500 91.6000 89.6000 84.1000 89.1000 82.8500 83.6000 79.6000 75.6000 81.1000 78.1000 74.8500 72.1000 78.3500 86.6000 84.6000 76.6000 76.3500 84.6000 82.3500 77.1000 81.1000 88.1000 83.1000 80.1000 82.6000 80.3500 82.3500 77.6000 71.6000 70.3500 72.3500 81.3500 89.1000 94.3500 95.1000 93.1000 67.1000 40.6000 34.6000 30.1000 20.1000 25.1000 43.3500 59.6000 75.3500 90.3500 93.3500 90.8500 91.1000 85.3500 83.6000 91.1000 93.3500 91.1000 98.1000 97.1000 98.1000 98.8500 96.8500 97.3500
60.6025 84.6000 89.1000 96.6000 99.3500 98.6000 98.8500 99.3500 96.8500 93.8500 93.1000 85.8500 87.8500 81.1000 82.8500 80.3500 78.6000 85.1000 79.8500 75.1000 73.6000 81.3500 86.3500 77.8500 72.3500 80.1000 85.1000 83.1000 80.1000 80.6000 87.3500 85.3500 81.8500 83.8500 81.3500 84.1000 84.3500 78.1000 72.1000 76.3500 86.1000 89.8500 91.3500 96.3500 95.6000 63.8500 35.6000 28.6000 29.6000 24.3500 25.8500 39.8500 57.1000 75.8500 87.3500 83.3500 89.1000 95.1000 87.1000 85.8500 94.1000 94.6000 92.6000 97.6000 96.1000 97.8500 98.8500 96.8500 97.3500
50.3525 83.8500 88.8500 97.3500 99.3500 98.8500 99.3500 99.3500 98.1000 96.8500 96.1000 88.3500 85.8500 79.1000 83.3500 83.6000 84.3500 86.3500 77.8500 75.6000 77.1000 85.1000 88.3500 76.8500 71.6000 82.6000 83.8500 80.6000 80.8500 80.6000 85.6000 86.1000 84.1000 85.1000 82.3500 82.6000 87.1000 83.1000 74.3500 80.8500 91.1000 91.8500 91.1000 91.8500 84.8500 60.3500 37.8500 31.6000 36.3500 35.6000 32.3500 40.3500 60.6000 84.8500 89.6000 77.1000 86.8500 97.6000 90.1000 89.3500 97.3500 96.1000 94.3500 96.8500 94.1000 97.3500 98.6000 96.3500 97.3500
39.6025 82.1000 89.1000 96.6000 98.8500 99.3500 99.3500 99.3500 98.3500 98.3500 96.6000 91.8500 88.8500 83.8500 86.8500 87.3500 88.6000 86.3500 77.3500 76.3500 81.3500 88.3500 87.3500 77.3500 73.6000 83.8500 85.6000 81.8500 81.1000 80.6000 85.1000 87.8500 87.3500 87.6000 83.6000 80.3500 84.3500 83.1000 75.6000 80.6000 88.3500 88.8500 89.6000 86.1000 69.8500 44.8500 29.6000 25.3500 31.8500 39.6000 35.6000 40.8500 62.1000 86.8500 90.1000 73.1000 84.3500 97.6000 93.6000 93.1000 98.6000 96.6000 94.8500 95.3500 91.8500 96.8500 98.3500 96.6000 96.8500
29.6025 78.3500 89.1000 95.8500 97.1000 98.8500 99.1000 98.6000 98.3500 98.3500 95.3500 94.8500 95.3500 91.6000 91.6000 90.8500 91.6000 85.1000 76.8500 74.3500 82.8500 92.3500 86.6000 76.8500 76.8500 84.6000 86.3500 84.6000 82.8500 80.8500 82.3500 85.1000 87.1000 88.1000 85.3500 79.1000 80.3500 81.1000 75.6000 78.6000 84.1000 86.8500 94.3500 96.1000 74.3500 45.1000 29.8500 21.8500 24.6000 37.1000 40.8500 48.6000 62.6000 77.8500 77.6000 69.1000 84.1000 98.3500 96.1000 94.6000 97.8500 95.6000 94.3500 93.3500 90.3500 96.8500 98.1000 96.1000 96.8500
22.3550 72.1000 88.3500 94.8500 96.6000 98.1000 99.1000 96.8500 95.8500 97.8500 93.8500 96.8500 98.3500 95.8500 95.1000 94.1000 92.6000 82.3500 77.6000 75.1000 82.1000 94.8500 88.3500 75.8500 75.8500 81.8500 82.1000 83.6000 84.1000 81.3500 81.6000 85.1000 88.6000 87.8500 85.8500 79.6000 77.1000 79.6000 77.1000 77.6000 82.1000 88.8500 95.1000 94.3500 76.6000 55.6000 44.3500 33.6000 34.1000 45.3500 52.8500 62.8500 68.8500 66.8500 63.8500 69.3500 89.1000 99.1000 97.1000 94.1000 96.6000 95.1000 93.8500 91.3500 89.8500 96.8500 97.6000 96.1000 96.8500
18.8550 64.1000 86.8500 94.1000 98.1000 97.8500 99.3500 95.1000 91.3500 96.1000 91.6000 95.8500 95.6000 94.6000 96.1000 94.8500 92.3500 80.3500 80.6000 79.8500 80.8500 92.1000 90.6000 78.8500 73.1000 79.6000 83.6000 86.1000 85.8500 81.3500 80.8500 85.6000 90.6000 87.3500 85.3500 82.1000 79.1000 79.3500 76.3500 75.6000 81.6000 91.3500 88.3500 80.8500 67.3500 55.8500 56.6000 53.3500 53.8500 61.8500 66.1000 79.3500 79.6000 62.1000 60.8500 77.6000 95.1000 98.1000 96.6000 94.6000 95.8500 95.6000 93.1000 91.1000 90.6000 97.1000 96.8500 95.8500 96.6000
17.8550 55.6000 84.3500 92.3500 99.3500 98.6000 99.3500 94.8500 88.1000 93.8500 90.1000 93.3500 89.6000 91.1000 94.8500 92.1000 92.6000 83.8500 82.8500 79.1000 77.8500 89.1000 93.1000 83.8500 72.6000 79.8500 84.3500 84.3500 85.3500 81.6000 81.1000 84.6000 89.6000 87.6000 83.3500 79.6000 79.8500 82.1000 77.1000 76.1000 85.8500 92.1000 88.1000 85.1000 73.3500 61.6000 63.6000 61.8500 67.8500 78.8500 79.6000 90.3500 84.6000 62.6000 68.1000 90.3500 97.8500 95.8500 96.1000 95.8500 96.1000 96.6000 93.3500 91.1000 92.1000 97.6000 95.8500 95.6000 96.6000
19.6025 51.1025 82.1000 87.6000 99.3500 99.3500 99.3500 98.1000 87.1000 92.1000 89.8500 92.1000 86.6000 87.8500 89.6000 85.8500 93.6000 89.6000 84.6000 77.3500 76.6000 86.3500 90.6000 84.1000 74.3500 80.1000 83.6000 84.1000 85.6000 82.8500 84.3500 86.6000 89.6000 88.6000 85.3500 78.6000 79.3500 87.6000 80.1000 75.1000 83.3500 83.1000 76.1000 83.1000 83.3500 76.8500 69.6000 58.1000 69.3500 89.1000 89.1000 95.3500 81.3500 62.8500 79.1000 96.6000 96.1000 93.6000 97.1000 96.3500 96.1000 97.6000 93.3500 91.8500 93.6000 98.1000 95.1000 95.6000 96.6000
27.6025 49.6025 80.8500 81.3500 98.8500 99.3500 99.3500 99.3500 88.8500 90.6000 90.8500 92.1000 87.6000 88.3500 84.3500 79.6000 91.3500 88.8500 87.6000 84.6000 81.3500 83.6000 84.1000 81.8500 76.6000 82.3500 86.1000 87.3500 85.1000 80.3500 84.3500 87.1000 87.8500 86.6000 86.8500 80.8500 78.6000 91.1000 86.3500 76.6000 83.6000 82.1000 71.6000 73.6000 79.3500 82.3500 71.3500 57.6000 72.1000 92.6000 91.6000 92.3500 74.3500 62.1000 85.1000 96.6000 93.8500 95.6000 98.1000 94.1000 95.3500 96.6000 93.1000 93.1000 95.1000 97.6000 94.3500 95.3500 96.3500
38.3525 50.1025 81.3500 75.1000 95.8500 98.8500 98.6000 99.3500 91.3500 90.6000 92.3500 92.1000 90.3500 90.3500 84.6000 79.8500 85.8500 77.8500 82.8500 88.1000 87.1000 86.3500 81.8500 79.1000 76.8500 82.6000 85.1000 83.1000 79.8500 81.1000 87.1000 86.3500 88.6000 88.8500 89.1000 83.6000 77.3500 88.3500 87.8500 82.6000 93.1000 92.8500 83.1000 79.3500 76.8500 76.3500 71.3500 67.6000 82.3500 94.3500 91.6000 90.1000 72.1000 67.6000 89.1000 94.8500 95.1000 98.8500 98.3500 90.8500 92.3500 94.3500 92.6000 94.1000 96.1000 96.6000 93.8500 95.1000 96.3500
50.6025 51.6025 84.1000 71.1000 85.8500 96.6000 94.1000 99.3500 93.8500 91.8500 93.1000 91.3500 91.8500 92.1000 88.3500 85.8500 85.3500 73.8500 73.1000 78.1000 87.6000 93.6000 85.1000 79.1000 75.8500 79.6000 81.6000 80.8500 81.3500 81.6000 82.1000 80.6000 83.8500 85.1000 86.8500 84.3500 77.6000 83.8500 85.6000 88.1000 94.8500 86.3500 80.8500 80.1000 70.8500 66.8500 73.3500 80.8500 87.1000 90.1000 95.6000 94.3500 79.8500 80.8500 94.8500 94.3500 97.3500 98.8500 95.3500 89.1000 89.8500 91.1000 91.6000 93.8500 94.3500 94.8500 93.3500 94.8500 96.3500
60.6000 58.1000 88.8500 71.8500 71.6000 95.3500 89.1000 99.3500 95.1000 92.6000 92.8500 89.8500 91.3500 91.6000 91.1000 89.1000 88.6000 84.8500 76.6000 72.8500 84.8500 91.3500 83.6000 79.6000 74.8500 76.1000 79.3500 80.8500 79.1000 72.1000 75.3500 83.3500 87.3500 87.1000 87.8500 83.3500 78.8500 88.3500 94.6000 97.6000 92.8500 75.8500 73.8500 74.8500 68.1000 68.1000 79.8500 87.3500 80.8500 79.3500 91.6000 99.1000 92.8500 97.3500 96.8500 94.1000 97.8500 95.8500 93.1000 90.3500 89.1000 89.6000 91.1000 92.1000 91.8500 92.8500 93.1000 94.6000 96.1000
75.1000 64.3500 92.8500 78.6000 60.1000 96.3500 88.8500 99.3500 95.3500 91.1000 91.1000 88.1000 90.6000 89.8500 91.8500 88.3500 84.6000 88.3500 84.8500 79.1000 81.8500 81.6000 80.6000 78.8500 72.1000 77.6000 80.1000 74.8500 71.3500 72.6000 85.6000 94.1000 92.1000 93.8500 95.6000 85.8500 80.6000 91.1000 95.1000 91.6000 81.8500 71.8500 75.6000 76.1000 76.8500 83.6000 85.6000 87.8500 81.1000 72.1000 80.6000 96.1000 98.1000 98.8500 96.1000 94.8500 97.6000 94.3500 94.1000 93.3500 89.6000 89.1000 89.6000 89.1000 87.8500 90.8500 92.6000 94.6000 96.1000
85.8500 67.6000 97.3500 87.3500 50.8500 99.3500 93.3500 99.1000 95.8500 88.6000 88.6000 87.1000 91.1000 90.3500 92.6000 87.3500 77.8500 77.3500 79.3500 79.8500 77.8500 80.8500 85.6000 81.3500 77.1000 81.3500 75.8500 70.3500 74.8500 84.6000 94.3500 88.3500 81.1000 84.1000 90.3500 87.6000 84.8500 89.6000 86.1000 79.1000 73.6000 71.3500 76.3500 76.6000 81.3500 87.1000 79.3500 84.6000 90.1000 73.3500 69.3500 86.6000 96.6000 98.1000 95.1000 96.3500 97.8500 95.3500 95.6000 93.6000 89.3500 88.8500 88.6000 85.6000 84.1000 88.3500 92.8500 94.3500 96.1000
91.8500 66.6000 99.3500 92.8500 41.6000 99.3500 98.8500 99.3500 96.8500 86.1000 86.8500 86.8500 90.8500 93.1000 95.3500 90.6000 80.6000 74.3500 74.1000 75.8500 72.1000 78.1000 81.6000 75.3500 79.6000 75.6000 69.1000 76.1000 81.1000 86.8500 94.8500 93.8500 93.1000 93.6000 92.8500 94.6000 94.6000 94.6000 88.3500 79.8500 75.8500 75.1000 76.8500 76.6000 77.1000 77.6000 73.1000 80.1000 91.1000 77.6000 67.6000 78.8500 91.6000 95.3500 95.3500 97.1000 97.6000 95.1000 95.6000 90.1000 88.6000 90.3500 87.8500 83.1000 81.8500 87.3500 93.3500 94.1000 96.3500
94.6000 60.1000 86.1000 95.6000 25.8500 99.3500 99.3500 99.3500 97.8500 84.8500 86.1000 85.6000 88.8500 96.6000 98.3500 96.3500 91.6000 85.1000 83.6000 82.3500 75.1000 75.1000 70.3500 65.8500 69.6000 64.1000 73.6000 80.8500 68.8500 77.3500 95.8500 95.3500 98.6000 97.8500 96.8500 98.3500 97.3500 96.8500 92.1000 79.8500 75.1000 75.3500 74.6000 76.3500 74.1000 74.6000 78.1000 78.8500 85.6000 83.1000 73.1000 74.3500 86.6000 94.3500 95.8500 97.8500 96.3500 93.1000 93.6000 85.8500 88.8500 92.3500 87.8500 82.6000 81.6000 86.6000 93.6000 94.1000 96.3500
96.1000 48.8500 33.1025 95.6000 7.8550 84.8500 99.3500 99.3500 98.8500 84.8500 86.1000 84.3500 85.6000 97.1000 99.3500 98.6000 99.1000 96.6000 96.8500 97.8500 91.1000 91.6000 86.1000 77.1000 68.1000 62.6000 74.3500 71.6000 32.8500 84.8500 90.3500 83.1000 90.6000 92.1000 92.8500 96.1000 95.6000 94.6000 93.3500 81.6000 75.3500 77.6000 74.6000 75.3500 73.3500 75.6000 82.8500 78.6000 83.6000 92.3500 84.6000 75.1000 79.3500 90.6000 94.8500 96.6000 94.3500 89.8500 91.6000 85.6000 91.3500 93.8500 88.6000 84.8500 82.3500 86.6000 94.1000 94.1000 96.3500
96.6000 34.8525 -0.6400 70.8500 0.8575 49.6000 98.3500 99.3500 97.8500 85.6000 85.6000 83.8500 86.1000 97.1000 98.8500 97.3500 96.1000 89.8500 91.6000 89.3500 82.1000 88.1000 86.6000 87.8500 89.3500 72.8500 66.6000 44.8500 41.1000 85.8500 80.8500 83.3500 97.1000 97.6000 95.3500 94.3500 94.6000 92.3500 93.1000 85.1000 76.8500 81.3500 78.6000 77.1000 74.3500 74.1000 80.3500 81.1000 85.8500 93.1000 95.3500 82.6000 72.1000 81.6000 90.6000 94.1000 91.1000 85.3500 89.8500 89.6000 93.8500 94.1000 90.6000 88.3500 83.8500 87.3500 94.6000 93.8500 96.3500
96.3500 21.3525 -0.6400 14.3575 -0.6400 10.6000 88.1000 97.6000 95.6000 85.8500 84.3500 84.1000 89.3500 97.3500 95.3500 94.1000 93.3500 89.8500 87.1000 73.3500 57.6000 52.8500 42.8500 32.3500 71.6000 64.6000 12.1050 33.3500 73.8500 73.6000 76.1000 88.6000 97.3500 97.8500 95.6000 92.6000 93.3500 91.1000 91.3500 84.8500 77.1000 80.8500 79.3500 77.8500 76.3500 72.6000 78.1000 87.6000 91.1000 85.8500 96.3500 89.1000 64.6000 69.1000 84.1000 91.3500 87.8500 81.6000 89.8500 93.6000 94.1000 92.6000 92.6000 92.3500 85.8500 87.6000 94.8500 93.8500 96.3500
95.6000 8.8550 -0.6400 -0.6400 -0.6400 -0.6400 74.3500 91.6000 92.3500 85.1000 83.3500 84.6000 89.1000 89.3500 83.1000 88.8500 91.8500 92.1000 89.1000 72.6000 55.3500 44.6000 36.1000 34.3500 59.8500 70.3500 51.6000 71.6000 69.6000 69.6000 82.8500 93.6000 97.3500 95.8500 96.6000 94.6000 94.3500 94.8500 93.6000 85.1000 79.3500 82.6000 78.8500 78.3500 78.1000 74.1000 77.3500 89.6000 95.8500 84.6000 93.1000 89.6000 61.3500 65.3500 82.1000 88.1000 83.3500 79.3500 91.1000 95.6000 91.8500 90.1000 94.6000 95.1000 86.8500 88.3500 94.6000 93.8500 96.3500
94.3500 0.3575 -0.6400 -0.6400 -0.6400 -0.6400 67.3500 85.3500 86.6000 84.1000 82.6000 86.1000 86.6000 76.3500 70.8500 87.8500 93.3500 92.1000 91.8500 82.3500 65.3500 49.8500 34.1000 20.6000 24.6000 42.3500 59.8500 70.3500 67.3500 73.3500 84.6000 90.6000 94.8500 97.3500 97.6000 95.6000 94.8500 96.8500 93.1000 83.8500 81.6000 84.3500 79.1000 78.6000 79.1000 77.6000 77.8500 86.3500 97.3500 88.6000 90.3500 89.3500 68.8500 71.8500 83.3500 84.1000 80.6000 81.6000 93.1000 95.1000 89.8500 89.6000 95.6000 96.1000 86.8500 88.8500 94.6000 93.3500 96.3500
92.8500 -0.6400 -0.6400 -0.6400 8.8525 1.8525 69.8500 83.3500 82.3500 82.8500 82.6000 88.8500 85.8500 68.8500 63.3500 89.3500 93.6000 90.6000 95.6000 92.3500 82.3500 68.8500 51.8500 32.8500 30.6000 43.6000 57.6000 65.6000 67.8500 74.3500 78.8500 86.1000 93.8500 97.1000 96.6000 94.6000 96.3500 95.1000 87.3500 82.8500 83.3500 84.1000 79.8500 77.8500 78.1000 79.1000 80.1000 86.1000 96.6000 91.8500 87.1000 89.8500 82.3500 79.3500 80.1000 81.6000 83.1000 88.8500 96.6000 95.3500 91.1000 91.1000 95.3500 95.1000 85.6000 88.6000 94.8500 93.1000 96.3500
90.8500 -0.6400 -0.6400 -0.6400 81.3500 30.6000 77.3500 87.8500 81.6000 82.1000 81.6000 90.8500 89.3500 73.1000 67.3500 88.3500 89.1000 86.1000 95.6000 96.6000 92.3500 87.3500 79.8500 78.3500 74.6000 65.8500 60.1000 58.8500 61.1000 64.1000 69.1000 83.6000 93.3500 95.3500 96.1000 93.6000 94.8500 89.3500 82.3500 83.3500 82.8500 83.3500 81.6000 77.6000 77.3500 77.6000 79.8500 87.6000 96.1000 94.3500 86.3500 88.6000 87.1000 76.6000 73.8500 81.1000 88.6000 95.6000 98.3500 95.1000 93.6000 92.1000 93.8500 92.6000 84.1000 88.1000 94.8500 92.6000 96.3500
87.3500 0.3575 -0.6400 -0.6400 95.6000 62.3500 74.8500 94.6000 86.3500 84.6000 81.3500 92.1000 92.8500 82.1000 73.6000 84.1000 84.1000 82.8500 93.8500 96.6000 95.1000 92.3500 84.8500 90.3500 88.8500 72.1000 60.8500 54.8500 53.1000 51.8500 55.1000 75.1000 91.8500 94.1000 96.1000 95.8500 92.6000 85.6000 82.3500 85.3500 82.3500 83.3500 83.1000 78.1000 78.1000 76.1000 77.3500 84.6000 94.1000 97.3500 89.1000 84.8500 84.8500 74.6000 74.3500 85.1000 92.3500 98.3500 97.3500 92.8500 94.8500 91.6000 92.1000 90.3500 82.3500 87.8500 94.3500 91.8500 96.6000
81.6000 3.6075 -0.6400 -0.6400 94.3500 47.8500 42.6025 90.6000 93.1000 90.8500 84.1000 91.6000 93.1000 86.3500 76.1000 80.3500 82.8500 82.3500 94.1000 96.3500 90.6000 83.6000 80.1000 88.6000 85.6000 68.1000 58.8500 51.3500 50.3500 50.6000 51.8500 72.3500 93.1000 94.1000 94.1000 94.8500 90.6000 84.1000 81.6000 83.3500 82.6000 84.6000 84.8500 82.6000 81.3500 76.8500 76.6000 81.1000 89.3500 97.6000 90.6000 82.6000 83.3500 78.8500 82.8500 91.8500 93.8500 97.3500 92.6000 89.6000 93.8500 89.8500 90.3500 88.8500 81.8500 87.8500 93.1000 90.8500 96.8500
73.8500 13.3525 -0.6400 -0.6400 49.3550 -0.3925 0.3575 54.6025 95.3500 97.3500 89.8500 91.8500 92.8500 87.3500 79.6000 80.6000 82.8500 83.3500 95.6000 97.8500 87.6000 79.1000 78.8500 86.1000 79.1000 63.6000 56.8500 50.6000 52.8500 53.1000 51.6000 67.8500 88.3500 93.6000 88.6000 82.8500 81.6000 80.8500 79.3500 80.6000 83.8500 84.6000 86.6000 87.8500 83.3500 76.6000 76.6000 79.6000 86.1000 94.1000 89.6000 84.1000 84.8500 85.8500 92.1000 96.8500 95.3500 95.3500 87.3500 83.1000 84.8500 84.3500 89.6000 89.3500 83.1000 88.1000 91.3500 90.3500 96.8500
63.6000 31.3500 -0.6400 -0.6400 18.3575 -0.6400 -0.6400 22.8525 74.6000 99.3500 94.3500 92.3500 93.1000 88.6000 83.6000 82.8500 81.1000 82.8500 96.6000 97.3500 86.6000 79.1000 78.1000 78.6000 73.1000 62.3500 55.6000 53.8500 56.1000 52.1000 50.8500 61.8500 81.1000 93.6000 85.8500 76.8500 77.3500 79.1000 79.8500 81.8500 84.3500 84.6000 86.8500 87.3500 81.6000 76.6000 76.3500 79.3500 84.3500 88.1000 86.8500 86.1000 88.1000 89.6000 93.8500 96.3500 95.8500 94.8500 85.6000 73.6000 63.1000 73.8500 87.3500 90.8500 86.1000 89.3500 89.1000 89.3500 97.1000
51.6000 48.3500 -0.6400 -0.6400 -0.6400 -0.6400 -0.6400 20.3525 41.6025 97.3500 94.1000 91.6000 93.3500 89.3500 83.8500 82.6000 79.1000 81.8500 96.8500 94.3500 83.1000 78.3500 76.3500 74.3500 71.6000 66.1000 55.3500 56.8500 58.3500 56.8500 58.1000 60.8500 76.3500 87.6000 78.3500 76.1000 80.1000 80.3500 82.1000 83.3500 84.1000 85.3500 87.3500 85.6000 81.6000 77.6000 74.6000 79.8500 84.8500 85.6000 85.8500 86.3500 88.8500 90.8500 92.3500 93.6000 96.6000 94.8500 88.3500 75.8500 55.8500 64.3500 83.1000 92.3500 89.6000 90.1000 86.8500 88.6000 97.1000
38.1025 62.1000 22.8525 1.8575 -0.6400 -0.6400 -0.6400 58.3525 38.8525 93.6000 91.1000 88.6000 92.6000 87.3500 80.3500 80.6000 78.3500 83.1000 97.8500 94.6000 83.8500 80.1000 77.8500 76.6000 74.8500 72.8500 70.6000 69.8500 68.6000 68.6000 67.1000 61.1000 73.3500 82.8500 74.6000 76.8500 81.8500 82.1000 83.8500 85.1000 85.6000 85.1000 84.6000 84.3500 82.6000 77.3500 74.1000 81.3500 86.1000 86.1000 87.3500 86.1000 87.1000 91.6000 92.6000 94.1000 97.3500 94.8500 92.3500 89.1000 78.3500 67.6000 76.3500 91.6000 93.3500 91.1000 84.6000 88.3500 97.3500
25.1025 72.6000 62.6000 64.8500 -0.6400 -0.6400 -0.6400 97.3500 52.3525 95.6000 88.1000 86.1000 89.1000 84.8500 79.1000 79.1000 78.1000 83.1000 98.6000 94.6000 84.8500 81.1000 77.3500 76.6000 77.8500 78.8500 81.1000 82.3500 81.3500 83.8500 83.1000 69.1000 70.8500 77.6000 76.3500 79.8500 81.3500 82.6000 83.8500 84.6000 86.6000 84.3500 81.8500 82.1000 82.8500 78.8500 76.8500 83.8500 86.6000 86.3500 88.1000 87.1000 86.8500 90.6000 94.6000 97.6000 97.3500 93.8500 92.3500 94.1000 93.8500 78.3500 69.1000 88.3500 94.8500 91.3500 82.8500 87.8500 97.3500
13.3550 79.8500 80.1000 84.1000 0.1075 -0.6400 -0.6400 99.3500 78.1000 96.3500 87.1000 84.8500 85.1000 83.6000 81.3500 79.1000 77.8500 81.6000 98.1000 93.3500 85.3500 82.1000 76.8500 76.3500 77.3500 80.1000 80.8500 78.1000 76.8500 84.1000 96.1000 87.8500 76.6000 76.6000 78.6000 81.8500 82.1000 83.1000 84.1000 83.6000 84.1000 82.6000 81.3500 81.3500 82.3500 80.3500 79.1000 84.6000 86.3500 84.8500 86.1000 88.1000 89.1000 90.8500 95.6000 98.3500 97.1000 94.1000 89.6000 87.8500 93.3500 87.1000 65.1000 82.6000 94.3500 91.3500 82.1000 88.1000 97.6000
2.8550 82.6000 87.8500 88.8500 23.1075 -0.6400 -0.6400 90.1000 78.1000 94.1000 88.1000 84.6000 79.6000 81.6000 81.6000 77.8500 77.1000 81.3500 98.1000 93.8500 86.3500 83.1000 76.3500 75.8500 73.6000 76.6000 79.6000 75.3500 72.8500 77.3500 92.3500 95.6000 86.8500 82.3500 81.3500 82.3500 83.1000 84.6000 83.6000 82.3500 81.1000 79.1000 79.6000 79.3500 79.8500 77.8500 77.6000 83.8500 86.1000 83.6000 81.6000 85.6000 90.8500 93.3500 96.8500 98.1000 96.3500 95.8500 89.1000 80.8500 89.3500 89.8500 66.6000 78.3500 93.6000 91.1000 82.1000 88.3500 97.6000
-0.6400 81.3500 92.8500 88.6000 50.1000 -0.6400 -0.6400 45.8500 62.1000 81.1000 87.6000 82.3500 74.8500 77.3500 77.8500 75.6000 77.3500 80.3500 97.3500 93.1000 82.6000 79.3500 72.3500 71.3500 70.6000 75.8500 80.3500 76.6000 77.1000 79.8500 86.1000 86.8500 82.8500 80.3500 80.6000 80.6000 80.6000 84.8500 83.6000 80.6000 79.8500 77.1000 77.8500 80.3500 79.6000 76.1000 78.8500 86.1000 87.6000 84.8500 81.6000 83.8500 90.3500 95.6000 98.3500 97.6000 95.3500 97.3500 92.8500 80.3500 86.1000 91.6000 73.1000 78.1000 92.1000 91.6000 82.8500 89.1000 97.8500
-0.6400 74.8500 95.6000 85.1000 75.3500 12.8575 -0.6400 5.1075 37.6000 61.8500 86.3500 78.6000 73.3500 77.3500 77.3500 77.1000 80.1000 79.3500 94.6000 90.1000 79.3500 77.8500 72.3500 71.1000 71.6000 76.8500 78.6000 74.3500 77.1000 82.3500 84.8500 81.6000 79.8500 80.6000 81.3500 80.8500 79.1000 83.1000 83.3500 79.6000 77.8500 76.3500 77.3500 80.8500 78.8500 74.6000 80.1000 89.6000 91.3500 89.1000 87.6000 87.6000 90.3500 95.3500 97.8500 97.8500 95.3500 97.6000 98.1000 84.3500 84.6000 93.3500 81.6000 80.8500 91.6000 92.6000 84.6000 89.8500 97.8500
-0.6400 60.8500 96.1000 80.6000 83.8500 28.6050 -0.6400 -0.6400 31.1000 69.8500 89.1000 77.3500 77.1000 83.3500 82.3500 82.1000 83.8500 79.8500 91.6000 89.3500 79.8500 77.8500 73.8500 72.1000 73.1000 77.3500 78.1000 74.8500 75.8500 81.1000 83.1000 79.1000 80.3500 81.1000 79.8500 80.8500 79.8500 81.3500 81.8500 80.8500 78.8500 78.1000 78.6000 79.3500 77.8500 73.3500 76.8500 86.6000 91.3500 90.1000 90.6000 91.3500 89.8500 92.1000 94.6000 97.1000 96.1000 95.1000 98.8500 87.3500 80.3500 93.3500 88.6000 84.6000 92.3500 94.1000 86.3500 90.8500 98.1000
-0.6400 38.6000 92.1000 73.8500 84.8500 52.8525 -0.6400 1.8575 53.6000 90.6000 95.1000 79.8500 84.8500 89.1000 88.3500 85.6000 84.1000 80.6000 87.3500 86.6000 78.8500 74.8500 71.8500 71.3500 72.3500 74.8500 73.3500 73.3500 77.8500 82.3500 81.6000 77.8500 80.1000 81.1000 80.1000 80.1000 80.6000 82.8500 83.8500 84.3500 83.1000 82.6000 82.8500 81.8500 81.3500 78.1000 75.3500 77.6000 81.8500 82.3500 85.3500 88.6000 86.6000 88.1000 91.1000 96.8500 97.3500 93.8500 97.8500 84.1000 72.8500 88.8500 91.8500 87.8500 93.6000 95.6000 88.6000 92.3500 97.8500
-0.6400 11.6025 74.6000 56.3500 84.3500 83.3500 15.3575 26.6000 81.3500 89.3500 97.1000 84.6000 91.3500 91.8500 91.3500 86.6000 81.8500 79.8500 83.3500 83.1000 79.1000 76.6000 74.6000 72.8500 73.1000 72.1000 68.8500 72.6000 80.3500 82.6000 80.1000 81.3500 83.6000 83.3500 83.6000 80.1000 80.3500 84.8500 82.8500 83.1000 84.1000 82.6000 82.8500 83.3500 79.3500 77.8500 78.8500 74.8500 74.6000 76.1000 81.1000 83.8500 80.8500 86.1000 91.6000 97.1000 98.3500 94.1000 95.3500 76.6000 63.3500 82.3500 93.3500 90.3500 95.1000 97.1000 91.1000 93.8500 97.8500
-0.6400 -0.6400 40.1000 18.8525 84.1000 92.8500 42.6050 71.8500 86.8500 80.3500 93.1000 88.6000 95.8500 92.8500 93.3500 88.6000 81.1000 78.6000 81.3500 82.6000 80.8500 79.3500 75.8500 73.1000 73.1000 71.6000 72.1000 76.3500 79.6000 78.6000 78.6000 83.8500 84.8500 83.6000 84.1000 79.3500 81.6000 84.1000 79.8500 84.6000 92.1000 90.1000 89.6000 90.1000 80.3500 75.8500 82.1000 82.6000 83.1000 81.8500 83.1000 84.1000 79.8500 88.3500 95.8500 97.3500 96.6000 93.6000 92.1000 69.1000 56.6000 75.8500 92.3500 92.8500 96.8500 98.3500 93.1000 95.3500 97.6000
-0.6400 -0.6400 3.1050 -0.6400 83.8500 91.6000 69.6000 84.1000 85.3500 60.6000 91.6000 91.8500 98.6000 93.3500 92.6000 89.1000 83.1000 80.3500 81.8500 83.6000 79.8500 78.3500 74.6000 73.6000 74.1000 72.3500 76.3500 76.8500 73.8500 74.8500 80.6000 88.6000 88.3500 87.3500 86.3500 80.6000 81.3500 81.1000 81.3500 86.8500 86.3500 77.3500 73.1000 81.6000 85.3500 80.6000 79.8500 81.8500 89.1000 86.6000 84.6000 87.6000 86.1000 94.1000 97.8500 95.8500 92.3500 89.8500 87.8500 66.8500 57.6000 73.8500 89.8500 93.1000 97.8500 99.1000 95.3500 96.1000 97.3500
-0.6400 -0.6400 -0.6400 -0.6400 81.6000 86.3500 81.3500 78.6000 86.8500 59.8500 96.6000 93.8500 97.8500 89.8500 88.8500 85.3500 84.3500 84.3500 83.8500 83.8500 78.6000 80.6000 78.6000 77.1000 76.1000 74.3500 77.6000 73.1000 71.8500 76.6000 83.6000 92.6000 90.1000 87.1000 86.3500 81.8500 78.6000 81.1000 90.3500 83.3500 62.6000 41.6000 31.6000 46.3500 70.8500 82.8500 80.1000 78.1000 87.8500 87.1000 83.1000 88.1000 92.6000 96.6000 94.1000 89.3500 84.8500 83.6000 84.1000 69.6000 66.3500 80.3500 88.6000 92.8500 98.6000 99.3500 96.8500 96.8500 96.8500
-0.6400 -0.6400 -0.6400 -0.6400 74.1000 83.3500 79.6000 73.1000 92.1000 74.1000 97.6000 93.1000 92.3500 83.1000 85.3500 81.8500 85.3500 87.8500 84.3500 82.6000 79.6000 84.1000 81.8500 77.8500 76.6000 76.6000 76.3500 67.1000 72.8500 79.8500 82.3500 90.1000 88.3500 88.1000 87.6000 83.8500 80.3500 87.1000 97.6000 80.3500 51.6000 25.3500 13.1000 26.3500 54.3500 74.6000 88.6000 91.3500 92.6000 87.3500 76.1000 79.8500 91.6000 94.1000 84.6000 78.8500 77.8500 79.8500 82.3500 75.1000 79.6000 91.8500 90.1000 93.3500 98.1000 99.1000 97.6000 97.1000 96.6000
-0.6400 -0.6400 -0.6400 -0.6400 55.1000 84.1000 79.6000 73.1000 91.6000 86.1000 97.8500 90.3500 85.3500 76.8500 84.6000 83.6000 87.6000 88.8500 84.3500 83.8500 82.6000 85.3500 82.1000 80.6000 79.3500 79.1000 77.1000 69.1000 77.6000 81.3500 80.1000 84.8500 87.1000 90.8500 87.8500 86.3500 87.8500 92.6000 89.3500 71.1000 50.3500 25.3500 12.1000 19.1000 37.1000 50.6000 68.1000 78.8500 81.1000 70.1000 57.6000 66.1000 86.8500 90.6000 75.8500 69.1000 74.1000 80.6000 83.6000 79.1000 88.8500 98.8500 93.8500 94.1000 97.3500 98.6000 98.1000 97.1000 96.1000
-0.6400 4.1075 1.1075 -0.6400 30.8525 86.3500 83.3500 74.6000 91.8500 91.3500 96.6000 87.1000 83.1000 76.3500 84.6000 87.1000 91.8500 92.3500 88.1000 88.8500 86.3500 85.8500 83.3500 84.3500 82.3500 78.3500 77.3500 74.3500 79.8500 81.6000 80.8500 83.3500 86.8500 89.6000 85.3500 86.8500 92.6000 94.3500 80.3500 63.3500 46.8500 26.1000 11.6000 10.8500 16.6000 20.8500 26.3500 39.1000 48.8500 47.6000 44.8500 59.8500 87.3500 88.6000 72.1000 65.6000 74.1000 83.8500 84.6000 78.6000 88.1000 99.1000 96.6000 94.8500 95.6000 97.1000 98.1000 96.8500 95.6000
-0.6400 22.6050 51.6000 3.1075 0.3575 86.6000 88.6000 74.3500 94.3500 93.3500 92.8500 85.6000 84.6000 78.1000 81.3500 87.8500 96.8500 97.3500 92.1000 90.6000 84.8500 83.8500 82.8500 85.1000 84.8500 78.8500 75.3500 74.3500 79.3500 82.3500 80.8500 82.3500 87.6000 90.6000 88.1000 84.3500 87.8500 90.1000 74.1000 58.6000 40.3500 24.1000 11.8500 6.6000 7.8500 10.1000 9.8500 16.1000 35.6000 50.1000 48.8500 63.6000 89.1000 83.6000 71.1000 69.1000 75.8500 84.1000 83.1000 75.6000 81.6000 95.8500 96.1000 95.6000 94.1000 95.6000 97.8500 96.6000 94.8500
8.1050 41.3550 92.3500 43.8550 -0.6400 83.6000 91.1000 71.3500 96.3500 92.6000 93.1000 85.6000 83.3500 78.3500 79.3500 89.1000 98.8500 97.8500 91.1000 88.8500 84.1000 85.3500 85.6000 87.6000 88.1000 78.6000 72.8500 74.1000 78.1000 81.6000 81.6000 85.8500 89.3500 86.8500 85.3500 80.1000 86.6000 85.8500 64.3500 51.8500 33.1000 19.1000 12.3500 7.6000 7.6000 10.3500 10.8500 12.3500 37.6000 72.3500 60.8500 63.3500 86.1000 77.6000 73.1000 75.6000 78.8500 82.1000 79.6000 74.1000 74.8500 87.6000 93.8500 95.3500 92.6000 93.6000 97.1000 96.6000 94.6000
38.6025 58.8500 93.6000 89.6000 -0.6400 73.8500 89.3500 63.8500 95.6000 93.1000 95.6000 84.8500 79.6000 78.3500 79.6000 90.1000 98.6000 96.1000 90.6000 90.6000 89.1000 90.3500 88.8500 86.3500 82.1000 72.3500 70.6000 74.6000 75.3500 77.1000 80.6000 87.8500 89.8500 83.8500 80.8500 76.8500 88.8500 84.6000 59.6000 50.3500 27.6000 11.3500 8.8500 8.8500 9.8500 10.3500 11.3500 11.1000 36.3500 85.6000 66.8500 56.1000 81.3500 77.3500 78.6000 82.1000 82.1000 80.8500 76.8500 75.6000 73.8500 81.6000 90.8500 93.1000 91.1000 92.1000 96.3500 96.3500 94.1000
68.3525 65.6000 71.3500 99.3500 -0.6400 56.8500 85.3500 55.3500 91.3500 93.3500 95.6000 84.1000 78.6000 79.6000 78.3500 86.1000 95.8500 95.8500 93.6000 93.1000 91.1000 89.6000 86.8500 80.1000 73.6000 71.1000 70.3500 73.8500 77.1000 81.1000 82.6000 80.8500 85.3500 89.3500 87.1000 77.1000 87.3500 86.6000 64.3500 52.3500 25.1000 8.1000 7.1000 10.6000 13.1000 10.1000 10.6000 10.6000 30.3500 84.8500 68.6000 51.6000 75.1000 78.6000 83.6000 83.1000 83.8500 82.1000 75.6000 79.3500 77.6000 80.1000 88.3500 90.6000 89.6000 91.6000 95.3500 96.3500 93.8500
81.6000 65.8500 29.6025 99.3500 -0.6400 38.3500 81.3500 52.6000 86.1000 92.1000 92.8500 84.6000 82.8500 82.3500 74.1000 79.6000 90.3500 95.6000 96.1000 93.3500 90.6000 86.3500 82.8500 74.8500 67.8500 67.8500 63.8500 67.3500 71.1000 75.3500 80.6000 78.6000 83.3500 89.8500 90.1000 79.8500 87.6000 93.8500 72.8500 55.6000 25.3500 8.8500 10.3500 10.6000 11.3500 10.8500 13.1000 13.3500 29.6000 80.6000 72.1000 52.3500 65.3500 75.3500 85.6000 79.6000 82.8500 84.3500 78.6000 83.6000 82.1000 81.3500 87.1000 88.1000 88.6000 91.6000 94.6000 96.1000 93.1000
89.1000 57.6025 -0.6400 99.3500 -0.6400 25.3525 80.8500 58.6000 82.8500 89.1000 90.3500 86.6000 88.3500 85.1000 72.6000 76.1000 83.3500 89.8500 96.3500 95.3500 91.3500 81.3500 75.1000 72.3500 68.8500 72.1000 72.3500 80.8500 79.3500 71.1000 73.6000 73.3500 79.3500 83.1000 86.3500 85.1000 89.8500 97.1000 77.3500 57.1000 25.6000 7.3500 11.1000 10.6000 9.3500 13.1000 13.3500 14.3500 34.3500 79.1000 73.3500 54.8500 61.1000 72.3500 87.6000 80.6000 84.6000 87.6000 85.1000 89.1000 86.3500 83.3500 86.8500 86.1000 87.6000 92.1000 94.3500 95.6000 93.1000
95.3500 43.6025 -0.6400 80.8500 -0.6400 22.3525 83.3500 69.8500 75.3500 86.1000 89.3500 88.3500 90.6000 87.3500 75.8500 76.6000 75.3500 83.6000 96.8500 94.1000 87.6000 75.8500 74.1000 80.3500 82.3500 90.1000 87.1000 89.1000 91.3500 87.8500 85.1000 76.6000 82.1000 86.8500 91.1000 92.3500 92.3500 96.1000 76.8500 54.6000 23.8500 7.1000 10.6000 12.1000 11.3500 15.6000 11.3500 17.6000 44.8500 77.8500 71.6000 61.6000 73.1000 83.1000 90.1000 86.1000 90.3500 91.1000 92.3500 94.8500 89.1000 84.8500 86.6000 84.1000 87.1000 93.1000 94.3500 95.3500 92.8500
99.3500 26.6050 -0.6400 49.3550 -0.6400 25.6000 87.1000 79.3500 72.1000 86.3500 89.3500 89.1000 88.1000 89.1000 80.8500 76.8500 69.3500 80.6000 95.3500 89.8500 81.6000 76.6000 84.6000 81.1000 67.8500 69.1000 61.8500 54.1000 59.3500 72.1000 84.3500 81.6000 83.3500 90.1000 95.3500 94.6000 93.6000 91.8500 69.1000 46.8500 20.6000 9.3500 13.1000 13.6000 13.8500 18.1000 19.6000 33.3500 57.3500 76.8500 72.3500 71.1000 89.6000 95.8500 84.1000 85.3500 91.6000 90.8500 95.6000 98.1000 91.1000 86.6000 87.3500 83.1000 86.6000 94.1000 93.8500 95.3500 93.1000
99.3500 7.6075 -0.6400 49.3550 -0.6400 34.3500 88.8500 81.1000 74.8500 90.6000 88.8500 87.3500 84.8500 89.6000 84.3500 76.3500 67.3500 78.3500 92.1000 88.6000 77.1000 70.8500 77.6000 64.8500 34.6000 37.3500 49.1000 51.3500 54.6000 62.1000 75.8500 75.8500 74.1000 83.6000 93.3500 92.6000 94.6000 83.6000 57.1000 34.8500 14.6000 9.8500 14.3500 17.8500 20.1000 22.6000 34.3500 53.6000 69.8500 79.6000 78.8500 74.3500 88.8500 90.1000 68.8500 71.3500 81.1000 85.1000 92.3500 95.8500 92.1000 88.3500 88.1000 83.1000 86.1000 95.1000 94.3500 95.6000 93.1000
99.3500 -0.6400 -0.6400 36.6050 -0.6400 38.6000 89.3500 75.3500 76.8500 93.6000 86.6000 84.1000 84.3500 87.3500 84.1000 79.1000 68.8500 74.8500 89.3500 91.1000 69.8500 49.8500 57.8500 55.1000 31.1000 40.8500 54.8500 64.1000 75.1000 75.3500 75.1000 76.1000 78.3500 86.6000 90.8500 90.1000 94.3500 79.3500 54.3500 30.1000 12.1000 10.3500 13.3500 17.8500 24.1000 26.3500 44.3500 72.3500 84.8500 82.3500 80.6000 67.1000 71.3500 78.1000 60.8500 58.3500 67.1000 77.3500 83.1000 87.3500 91.3500 90.8500 89.6000 83.8500 85.6000 95.3500 94.1000 95.3500 93.1000
98.6000 -0.6400 -0.6400 9.3575 -0.6400 35.8500 87.8500 66.1000 76.1000 92.6000 81.1000 81.8500 85.8500 82.6000 81.1000 82.3500 70.3500 71.3500 89.3500 91.3500 59.1000 28.1000 47.8500 56.6000 50.8500 52.8500 48.1000 46.6000 54.3500 57.3500 55.8500 68.3500 84.8500 89.1000 88.8500 91.6000 91.1000 81.8500 66.8500 35.6000 12.3500 12.6000 17.3500 18.8500 25.1000 27.8500 45.6000 80.3500 89.3500 69.8500 58.8500 50.8500 57.8500 74.8500 67.8500 60.1000 65.6000 74.1000 72.8500 75.8500 87.3500 92.6000 92.6000 85.6000 84.8500 95.3500 94.6000 95.8500 93.3500
91.8500 -0.6400 -0.6400 9.1075 -0.6400 28.6000 86.3500 59.1000 79.1000 92.8500 78.6000 80.8500 86.8500 78.1000 77.6000 83.1000 70.1000 68.1000 87.8500 88.3500 53.3500 16.1025 55.6000 64.1000 55.1000 50.3500 43.1000 40.6000 42.8500 42.8500 38.1000 51.8500 80.8500 91.6000 89.1000 92.8500 90.6000 93.1000 87.3500 43.8500 9.8500 11.3500 19.1000 19.1000 23.8500 26.3500 40.6000 72.8500 80.1000 46.3500 30.1000 35.3500 52.6000 78.1000 84.1000 75.3500 77.3500 77.1000 64.6000 65.8500 81.6000 92.1000 94.8500 88.6000 85.1000 95.1000 94.3500 95.8500 93.6000
73.1000 -0.6400 -0.6400 12.8575 -0.6400 19.3500 85.1000 58.8500 85.3500 94.8500 82.1000 80.3500 85.6000 78.1000 76.8500 81.8500 71.3500 65.6000 81.1000 85.8500 54.6000 19.3500 46.1000 57.1000 56.1000 54.8500 47.3500 46.8500 48.6000 49.3500 39.6000 43.1000 74.6000 97.3500 90.3500 90.3500 93.1000 90.8500 81.6000 42.1000 10.3500 10.6000 13.1000 12.6000 18.1000 23.8500 40.1000 69.3500 71.3500 32.1000 20.3500 32.1000 52.6000 81.1000 92.8500 92.3500 90.3500 77.3500 59.3500 58.6000 74.8500 89.3500 96.3500 91.8500 85.6000 95.3500 94.3500 96.1000 94.3500
22.3550 -0.6400 -0.6400 36.8525 15.8550 9.1000 84.1000 66.1000 86.3500 94.8500 88.1000 80.1000 83.6000 82.1000 77.8500 80.1000 75.1000 65.6000 72.8500 85.6000 59.8500 33.6000 31.3500 30.8500 54.1000 65.6000 56.6000 51.1000 52.1000 55.8500 46.6000 38.1000 54.6000 85.3500 94.1000 96.6000 90.1000 72.1000 61.3500 34.8500 9.6000 10.3500 12.8500 12.8500 17.6000 25.3500 46.1000 74.3500 64.8500 28.6000 26.1000 40.3500 58.6000 84.1000 93.3500 95.1000 86.6000 69.1000 57.3500 54.1000 67.8500 84.8500 97.1000 94.8500 86.8500 95.3500 94.1000 96.3500 94.8500
-0.6400 -0.6400 -0.6400 58.1025 55.6025 1.3550 82.3500 76.1000 90.6000 93.3500 92.3500 80.6000 82.1000 84.8500 78.3500 78.3500 76.6000 66.3500 69.8500 85.3500 66.6000 49.1000 59.8500 52.3500 57.1000 69.6000 66.3500 60.3500 57.6000 57.1000 51.6000 42.8500 40.3500 57.3500 88.3500 95.3500 72.1000 58.1000 55.3500 32.6000 9.1000 9.3500 11.8500 12.1000 16.6000 26.3500 52.1000 86.6000 62.6000 29.3500 36.1000 52.6000 68.1000 87.6000 84.8500 84.3500 73.1000 58.8500 57.6000 53.6000 61.8500 80.3500 96.6000 96.1000 88.3500 95.8500 94.3500 96.1000 95.3500
-0.6400 -0.6400 -0.6400 58.3525 86.1000 -0.1425 78.1000 83.6000 96.8500 92.1000 93.6000 82.8500 81.6000 84.8500 78.1000 78.3500 75.1000 65.3500 70.8500 84.6000 71.6000 59.1000 68.1000 73.1000 70.6000 73.1000 74.1000 66.6000 56.6000 53.6000 54.8500 57.3500 50.6000 51.8500 76.1000 84.3500 65.3500 56.6000 57.1000 43.8500 22.6000 12.6000 9.1000 11.1000 18.6000 28.6000 57.8500 94.6000 68.3500 36.8500 40.6000 57.8500 72.8500 86.3500 77.6000 73.8500 61.6000 54.6000 62.6000 57.3500 59.1000 77.3500 95.6000 97.3500 90.1000 96.1000 94.3500 96.3500 95.8500
-0.6400 -0.6400 -0.6400 25.8525 88.3500 -0.1425 71.3500 85.6000 98.8500 92.6000 93.1000 85.3500 82.6000 82.6000 76.3500 79.1000 75.3500 65.1000 71.6000 83.6000 76.1000 66.1000 69.6000 75.3500 76.3500 75.8500 82.3500 80.3500 66.1000 58.6000 54.6000 62.3500 68.1000 60.1000 65.3500 75.3500 76.1000 77.3500 79.1000 59.8500 30.6000 15.6000 16.6000 27.6000 30.8500 31.6000 51.3500 72.3500 59.6000 42.1000 42.3500 55.6000 68.1000 80.6000 74.8500 72.3500 60.8500 58.6000 73.1000 64.8500 60.3500 76.8500 94.8500 97.1000 91.1000 96.3500 94.6000 96.3500 96.1000
-0.6400 -0.6400 -0.6400 18.6075 66.1025 0.8575 65.3500 84.8500 99.3500 93.6000 91.8500 86.6000 83.1000 80.8500 74.1000 77.6000 74.6000 65.1000 71.8500 82.6000 77.6000 70.6000 70.3500 74.8500 77.6000 76.1000 81.6000 80.6000 70.1000 61.8500 57.8500 63.8500 75.3500 73.6000 64.3500 66.6000 80.8500 97.3500 96.6000 58.3500 31.3500 30.1000 32.3500 35.1000 29.8500 23.3500 31.6000 36.1000 34.6000 35.6000 46.6000 58.1000 66.1000 80.3500 81.3500 79.3500 69.1000 70.1000 85.1000 74.3500 66.8500 79.8500 95.6000 96.3500 91.8500 96.1000 94.6000 96.3500 96.3500
-0.6400 -0.6400 -0.6400 -0.6400 49.3550 6.3550 63.6000 84.1000 97.6000 92.8500 89.6000 85.1000 83.1000 81.1000 73.1000 72.1000 70.8500 65.3500 74.1000 83.8500 77.1000 69.1000 69.6000 75.1000 80.8500 80.8500 77.8500 77.1000 73.1000 67.3500 67.1000 69.3500 73.1000 77.8500 73.6000 66.6000 70.6000 81.3500 63.6000 35.1000 43.8500 59.8500 35.8500 16.8500 12.6000 13.1000 20.1000 20.3500 23.3500 36.1000 59.6000 73.6000 75.1000 90.3500 94.3500 89.1000 80.8500 82.1000 93.3500 84.1000 76.6000 85.1000 96.6000 94.6000 91.8500 96.1000 95.1000 96.3500 96.6000
-0.6400 -0.6400 -0.6400 -0.6400 42.8550 35.8525 68.8500 85.6000 93.3500 88.6000 85.8500 82.6000 84.1000 83.6000 74.6000 70.1000 67.1000 66.8500 78.3500 86.3500 78.1000 68.1000 70.1000 77.3500 79.1000 78.6000 75.6000 77.6000 82.6000 80.1000 79.1000 77.1000 75.8500 78.1000 77.6000 64.6000 57.1000 56.1000 39.6000 26.8500 41.3500 50.6000 18.6000 3.3500 6.8500 8.8500 12.8500 16.6000 26.8500 46.3500 76.3500 87.6000 84.6000 97.3500 96.3500 92.1000 91.3500 90.3500 96.1000 91.8500 87.3500 91.1000 98.1000 94.3500 92.1000 95.6000 94.8500 96.3500 96.8500
-0.6400 -0.6400 -0.6400 -0.6400 21.8575 67.3500 76.6000 88.8500 85.8500 82.1000 82.3500 82.1000 86.6000 85.6000 75.1000 69.8500 67.1000 70.3500 81.6000 85.3500 76.8500 67.6000 72.3500 80.8500 76.3500 72.8500 72.1000 68.1000 68.1000 75.1000 77.3500 77.8500 80.6000 80.3500 85.3500 72.6000 55.3500 47.3500 34.3500 32.1000 29.3500 11.6000 4.3500 5.3500 6.3500 6.1000 8.1000 12.8500 27.1000 50.3500 71.6000 75.8500 80.1000 86.3500 76.8500 82.6000 95.8500 93.8500 95.6000 96.8500 95.1000 95.6000 98.8500 94.3500 92.3500 95.3500 94.8500 96.3500 97.1000
-0.6400 -0.6400 36.6050 -0.6400 -0.6400 78.8500 65.3500 91.3500 76.8500 76.3500 81.1000 83.3500 90.1000 86.3500 73.1000 67.6000 68.1000 76.1000 85.3500 83.1000 72.6000 65.8500 73.6000 82.6000 79.6000 81.3500 82.1000 69.6000 62.3500 68.1000 73.1000 76.3500 80.3500 77.8500 90.8500 86.1000 67.6000 49.6000 29.3500 41.1000 41.8500 8.3500 2.3500 5.1000 5.8500 11.1000 15.6000 17.3500 31.1000 59.1000 63.8500 59.1000 67.6000 66.3500 54.8500 71.3500 94.8500 94.6000 95.1000 97.6000 96.8500 96.8500 99.3500 95.1000 92.6000 94.8500 94.6000 96.3500 97.1000
-0.6400 -0.6400 87.8500 -0.6400 -0.6400 31.6000 -0.6400 86.3500 70.6000 73.8500 81.8500 86.1000 92.8500 87.3500 73.1000 65.1000 68.6000 82.1000 87.8500 80.6000 69.6000 68.8500 78.3500 80.6000 78.1000 85.3500 91.1000 89.6000 80.8500 76.1000 77.3500 77.6000 79.3500 77.8500 87.3500 88.3500 82.3500 68.8500 40.1000 50.3500 59.3500 23.6000 5.8500 9.1000 17.6000 20.3500 18.8500 27.1000 56.1000 86.3500 67.6000 51.1000 58.3500 53.6000 47.8500 69.8500 91.6000 93.1000 95.1000 96.6000 95.8500 96.3500 99.3500 96.3500 93.8500 94.6000 94.6000 96.3500 97.1000
-0.6400 -0.6400 99.3500 -0.6400 -0.6400 2.6075 -0.6400 75.3500 76.8500 75.8500 84.1000 87.8500 93.3500 88.8500 75.8500 67.1000 72.6000 88.3500 86.8500 76.8500 70.3500 74.6000 84.6000 82.3500 78.1000 82.8500 81.1000 86.8500 87.1000 81.6000 83.6000 78.3500 78.8500 80.8500 85.3500 90.1000 87.6000 85.6000 70.1000 68.3500 69.8500 43.6000 18.1000 17.3500 30.3500 22.3500 8.1000 27.3500 67.1000 90.3500 64.1000 43.8500 51.3500 52.8500 59.6000 81.8500 91.1000 91.6000 96.1000 94.8500 93.8500 95.3500 99.3500 97.6000 94.6000 94.3500 94.6000 96.6000 97.3500
-0.6400 -0.6400 99.3500 0.3575 3.1075 4.1050 -0.6400 61.6000 93.8500 79.3500 86.1000 90.3500 93.6000 88.8500 77.8500 71.6000 79.6000 90.1000 82.3500 73.6000 73.8500 77.8500 84.3500 86.3500 87.3500 91.1000 85.8500 85.3500 84.1000 80.8500 83.3500 78.8500 79.1000 79.6000 81.6000 87.8500 77.6000 76.6000 85.1000 80.3500 81.1000 72.3500 36.8500 23.1000 28.8500 19.1000 2.3525 19.1000 37.3500 50.1000 40.3500 32.8500 43.1000 55.3500 75.3500 94.6000 93.3500 91.8500 96.6000 94.3500 93.1000 94.6000 99.1000 97.8500 95.8500 94.1000 94.6000 96.6000 97.6000
-0.6400 -0.6400 99.3500 4.1075 6.8575 29.1050 -0.6400 48.3500 99.3500 81.3500 88.1000 93.6000 94.8500 88.3500 77.3500 75.6000 83.8500 87.3500 78.6000 74.6000 81.3500 84.1000 83.6000 86.1000 87.1000 86.1000 85.6000 85.1000 82.8500 77.6000 77.6000 79.3500 80.1000 78.1000 78.6000 81.1000 77.1000 74.8500 76.3500 73.6000 78.8500 89.1000 65.8500 39.1000 26.8500 13.6000 2.3500 8.1000 12.3500 21.6000 23.3500 24.3500 33.8500 47.3500 69.8500 91.6000 94.1000 93.1000 96.1000 94.6000 93.6000 93.8500 98.8500 98.3500 97.1000 94.3500 94.8500 96.8500 97.6000
-0.6400 -0.6400 89.1000 4.8575 7.8575 89.1000 -0.6400 38.3500 99.3500 82.6000 90.3500 95.1000 94.8500 87.6000 77.3500 81.3500 85.1000 83.3500 77.6000 78.8500 85.8500 88.8500 84.6000 83.1000 81.8500 76.6000 79.8500 83.6000 84.6000 81.1000 77.3500 81.1000 78.3500 77.3500 78.8500 76.1000 80.1000 78.1000 72.1000 74.3500 74.6000 82.6000 92.1000 71.1000 38.1000 13.3500 2.3525 5.6000 9.1000 17.3500 17.6000 18.1000 24.3500 32.6000 49.6000 74.8500 93.8500 94.1000 92.6000 93.8500 93.3500 92.3500 97.6000 98.6000 98.1000 94.6000 95.3500 97.1000 97.6000
-0.6400 -0.6400 74.6000 9.6050 9.6025 99.3500 28.8500 38.1025 98.6000 87.1000 92.8500 95.6000 93.8500 86.6000 80.1000 87.8500 84.6000 79.1000 79.8500 86.1000 88.6000 87.8500 81.8500 77.8500 81.1000 78.6000 81.1000 85.1000 86.8500 86.1000 80.6000 80.6000 77.8500 79.8500 81.8500 77.6000 80.8500 78.8500 77.8500 80.1000 76.3500 78.3500 88.8500 90.6000 61.3500 22.1000 6.8500 10.1000 13.8500 16.6000 13.3500 13.1000 17.6000 23.3500 37.3500 61.8500 92.6000 94.1000 88.8500 90.8500 90.3500 90.1000 96.8500 98.1000 98.8500 95.3500 96.1000 97.3500 97.3500
-0.6400 -0.6400 53.6025 14.3525 10.6025 99.3500 87.8500 45.3525 72.8500 94.3500 94.8500 94.3500 89.6000 85.1000 83.3500 90.8500 81.8500 78.3500 84.3500 93.3500 90.8500 83.3500 79.8500 74.6000 79.3500 80.1000 79.6000 83.1000 85.1000 87.1000 83.3500 79.8500 77.1000 81.6000 83.1000 79.6000 79.6000 79.1000 80.8500 72.6000 73.3500 80.8500 76.8500 89.1000 77.1000 28.8500 8.6000 8.8500 13.3500 13.3500 11.6000 13.6000 14.8500 20.6000 34.8500 57.3500 90.8500 93.1000 85.3500 86.6000 85.3500 87.3500 96.3500 97.6000 99.1000 96.1000 96.8500 97.3500 97.3500
-0.6400 -0.6400 20.1050 20.6025 9.1050 98.1000 96.8500 53.6025 9.1050 98.8500 95.1000 93.1000 86.6000 84.6000 86.3500 89.8500 76.6000 80.8500 89.8500 95.3500 87.6000 76.3500 79.3500 77.3500 79.6000 81.6000 79.8500 81.6000 81.3500 84.3500 85.6000 82.1000 77.8500 78.8500 78.6000 74.6000 73.6000 75.8500 81.6000 75.3500 76.8500 82.6000 76.3500 85.8500 69.1000 33.1000 15.6000 14.6000 19.6000 19.6000 19.8500 19.8500 15.3500 19.6000 35.3500 55.3500 84.6000 89.8500 83.6000 82.8500 81.1000 85.6000 96.3500 97.3500 99.3500 96.8500 97.3500 97.6000 97.6000
-0.6400 -0.6400 -0.6400 33.1000 6.8550 82.6000 95.8500 57.8500 -0.6400 99.3500 92.8500 93.1000 86.8500 85.8500 87.8500 87.6000 73.8500 85.3500 96.3500 94.3500 84.6000 71.8500 76.6000 78.8500 79.8500 82.1000 82.1000 83.3500 80.6000 82.6000 84.8500 84.1000 81.3500 78.1000 75.1000 70.3500 71.6000 74.8500 77.8500 78.1000 75.3500 77.8500 85.6000 81.6000 59.6000 43.6000 30.3500 30.8500 54.1000 47.6000 35.8500 27.6000 16.8500 18.3500 34.6000 52.1000 74.6000 84.3500 80.8500 79.6000 78.8500 85.6000 96.3500 96.8500 99.3500 97.3500 97.8500 97.8500 97.6000
-0.6400 -0.6400 -0.6400 49.6000 5.8525 62.8500 85.3500 64.1025 -0.6400 98.6000 88.6000 93.8500 88.1000 87.3500 87.1000 83.8500 75.8500 89.8500 99.1000 93.6000 85.6000 74.3500 75.3500 79.3500 80.1000 79.6000 81.6000 84.8500 81.8500 84.6000 84.8500 83.6000 82.8500 78.1000 74.6000 70.3500 74.1000 77.1000 74.3500 77.6000 78.6000 87.3500 95.8500 79.8500 59.6000 47.3500 31.1000 34.3500 79.1000 75.1000 49.3500 33.3500 19.6000 19.6000 37.3500 52.6000 67.1000 77.1000 76.1000 76.6000 78.3500 86.3500 96.3500 96.3500 99.3500 98.1000 98.3500 98.1000 97.6000
-0.6400 -0.6400 -0.6400 70.1000 11.8525 42.6000 71.8500 72.8525 0.8575 98.6000 86.3500 95.1000 87.8500 88.6000 84.3500 79.1000 81.8500 93.8500 98.3500 89.1000 83.8500 77.3500 75.1000 79.3500 83.1000 80.6000 82.3500 86.1000 83.1000 86.3500 85.8500 83.8500 82.3500 77.6000 76.8500 73.3500 78.1000 82.8500 81.1000 86.6000 89.8500 91.1000 82.8500 67.6000 53.6000 37.8500 30.1000 42.8500 76.6000 86.8500 59.8500 37.8500 24.1000 24.1000 44.6000 59.1000 65.1000 71.1000 70.6000 74.1000 78.8500 87.3500 95.8500 95.6000 99.1000 98.1000 98.8500 98.3500 97.6000
-0.6400 -0.6400 -0.6400 93.6000 27.3500 21.3500 61.1000 74.8500 16.3550 99.3500 87.6000 96.3500 87.8500 90.8500 84.3500 76.3500 88.3500 96.8500 95.1000 85.6000 82.8500 79.8500 74.6000 76.3500 82.3500 81.3500 81.3500 85.1000 85.6000 89.1000 89.1000 85.8500 80.8500 76.1000 74.8500 73.8500 81.8500 78.8500 68.3500 63.8500 61.8500 61.1000 58.6000 53.1000 38.3500 29.6000 44.3500 78.3500 74.8500 79.8500 65.3500 38.3500 29.6000 32.1000 56.3500 69.8500 67.3500 67.8500 67.1000 72.1000 79.6000 87.3500 94.3500 94.3500 99.1000 98.1000 98.6000 98.3500 97.3500
-0.6400 -0.6400 -0.6400 99.3500 55.6000 12.1050 55.8500 81.1000 36.6025 96.3500 91.6000 97.6000 89.3500 92.6000 87.1000 77.6000 92.8500 96.3500 91.8500 85.6000 84.1000 82.6000 75.6000 76.6000 81.8500 81.3500 81.1000 83.8500 87.1000 91.3500 90.8500 86.3500 79.3500 76.1000 74.1000 74.1000 80.8500 71.1000 55.8500 49.3500 45.1000 42.3500 44.3500 43.6000 32.6000 34.1000 69.8500 91.6000 67.8500 80.3500 65.6000 39.3500 41.1000 46.8500 67.8500 79.8500 70.1000 66.3500 65.8500 71.8500 80.1000 87.1000 93.3500 93.8500 98.6000 97.8500 98.6000 98.8500 97.3500
-0.6400 -0.6400 -0.6400 99.3500 90.6000 20.8525 55.8500 82.6000 54.1000 78.1000 93.1000 97.3500 92.3500 90.6000 87.8500 80.8500 94.1000 94.1000 89.3500 83.3500 79.3500 79.8500 76.1000 78.8500 82.3500 80.6000 83.8500 87.1000 88.3500 90.3500 89.3500 83.1000 76.1000 75.1000 76.3500 77.8500 79.3500 72.6000 69.3500 70.3500 64.3500 48.3500 38.3500 40.6000 45.1000 60.3500 91.3500 76.6000 63.3500 86.1000 65.8500 50.3500 66.6000 69.6000 80.8500 89.6000 73.8500 65.8500 66.1000 72.8500 81.8500 87.6000 93.8500 94.1000 98.3500 97.8500 98.6000 98.6000 97.3500
-0.6400 -0.6400 -0.6400 99.3500 99.3500 43.1000 57.1000 80.6000 75.6000 60.6000 90.8500 96.1000 96.3500 89.1000 87.6000 84.6000 93.6000 92.3500 89.6000 81.1000 73.8500 78.1000 77.3500 79.1000 81.1000 79.3500 84.8500 89.3500 88.3500 88.1000 85.6000 78.6000 73.1000 71.3500 74.6000 79.6000 80.8500 81.1000 84.3500 83.8500 84.1000 70.3500 54.6000 62.3500 76.1000 95.3500 93.6000 79.1000 61.8500 85.8500 68.3500 64.3500 91.3500 92.8500 93.6000 97.8500 78.3500 64.3500 64.8500 75.6000 85.3500 91.3500 95.3500 95.1000 98.1000 97.6000 98.6000 98.6000 97.3500
-0.6400 -0.6400 -0.1425 93.1000 96.3500 85.1000 52.8500 76.1000 86.6000 71.1000 86.1000 91.3500 98.8500 91.3500 88.8500 87.1000 93.1000 91.8500 89.8500 81.6000 73.8500 79.6000 81.1000 80.1000 81.6000 82.1000 87.3500 91.8500 89.1000 86.1000 81.8500 75.8500 73.1000 72.8500 74.1000 78.6000 81.3500 84.8500 85.6000 78.3500 80.6000 83.3500 80.6000 89.8500 95.1000 98.6000 77.3500 83.6000 63.3500 83.3500 69.3500 60.8500 85.1000 97.3500 95.1000 99.3500 81.6000 61.3500 62.3500 78.1000 90.3500 95.3500 97.3500 95.3500 97.8500 97.3500 98.6000 98.6000 97.3500
-0.6400 -0.6400 19.3550 49.6000 64.3500 99.3500 38.6000 71.3500 87.1000 85.8500 81.1000 85.1000 97.3500 95.6000 91.3500 88.3500 92.3500 91.6000 87.3500 81.8500 74.8500 77.8500 81.8500 81.6000 80.3500 82.8500 92.8500 96.8500 90.1000 86.6000 82.3500 75.3500 73.3500 76.3500 78.1000 79.6000 80.3500 81.3500 85.3500 84.3500 79.3500 78.6000 85.3500 93.3500 94.1000 96.8500 82.1000 88.6000 90.1000 92.6000 62.8500 46.3500 68.3500 94.1000 93.8500 99.3500 83.6000 59.6000 59.3500 80.3500 93.6000 96.3500 97.6000 95.1000 97.8500 97.3500 98.6000 98.3500 97.6000
10.6075 -0.6400 52.3525 -0.6400 9.6050 99.3500 24.8525 68.8500 83.8500 89.1000 76.1000 77.6000 93.3500 97.1000 91.8500 89.3500 92.1000 91.3500 85.6000 82.1000 77.8500 76.3500 82.1000 82.8500 79.8500 86.1000 95.8500 94.1000 87.1000 86.1000 80.6000 74.1000 72.1000 74.6000 78.8500 80.1000 80.1000 81.3500 83.8500 84.1000 80.8500 81.1000 90.1000 95.3500 91.8500 98.6000 93.3500 92.1000 98.3500 88.8500 52.8500 41.8500 65.8500 96.6000 96.6000 97.6000 87.1000 62.1000 57.8500 80.6000 93.8500 96.6000 96.6000 94.6000 98.1000 97.1000 98.1000 98.3500 97.6000
41.8525 -0.6400 90.3500 -0.6400 -0.6400 97.8500 9.8525 68.1000 83.6000 86.8500 71.1000 70.3500 88.6000 94.8500 90.8500 89.8500 90.8500 89.3500 84.6000 80.8500 79.1000 76.6000 80.6000 81.3500 82.1000 91.8500 95.3500 88.1000 86.3500 86.1000 77.8500 73.6000 72.3500 71.8500 79.1000 78.1000 71.6000 75.6000 80.1000 79.3500 83.3500 91.3500 96.3500 97.6000 92.3500 96.1000 96.1000 93.1000 97.8500 72.3500 47.6000 47.6000 71.3500 97.1000 96.6000 95.8500 92.8500 68.3500 57.3500 78.6000 92.8500 93.8500 95.3500 94.3500 98.1000 97.1000 97.8500 98.3500 97.8500
91.8500 3.1075 99.3500 -0.6400 -0.6400 94.8500 8.8575 65.1000 87.1000 86.1000 70.8500 68.3500 84.3500 93.1000 90.6000 90.3500 89.1000 86.8500 83.1000 77.3500 75.6000 75.8500 79.8500 79.3500 82.6000 90.6000 88.1000 84.1000 86.3500 84.8500 78.8500 78.1000 74.3500 73.1000 84.8500 82.6000 71.3500 72.3500 81.1000 86.3500 91.1000 95.6000 94.1000 96.1000 96.3500 97.3500 94.3500 93.3500 98.3500 73.8500 49.6000 47.8500 59.3500 81.1000 90.6000 92.3500 96.1000 73.1000 55.8500 75.6000 90.8500 90.8500 94.1000 94.8500 98.1000 97.1000 98.1000 98.6000 97.8500
99.3500 56.3525 99.3500 -0.6400 -0.6400 91.8500 18.3525 57.8500 90.6000 88.3500 75.8500 71.3500 80.1000 90.8500 90.3500 90.3500 88.3500 84.8500 81.6000 75.6000 73.1000 74.3500 80.1000 79.8500 81.8500 86.8500 83.3500 82.3500 83.3500 82.3500 81.6000 79.6000 76.3500 80.3500 91.3500 93.3500 90.1000 83.1000 83.8500 91.1000 90.8500 92.6000 95.1000 95.3500 93.8500 92.6000 94.3500 93.3500 99.3500 89.1000 49.8500 33.8500 35.8500 58.6000 75.6000 86.3500 96.3500 74.8500 53.3500 73.8500 91.6000 91.3500 94.8500 96.3500 98.1000 97.3500 97.6000 98.6000 98.1000
99.3500 53.8525 99.3500 -0.6400 -0.6400 90.3500 36.1000 47.8500 89.1000 91.1000 81.8500 74.8500 74.3500 88.1000 89.6000 88.3500 88.1000 84.1000 78.8500 73.8500 71.8500 72.3500 77.1000 77.8500 80.6000 85.1000 81.8500 81.1000 81.6000 81.3500 81.1000 79.8500 85.6000 92.3500 92.8500 93.8500 94.8500 85.8500 83.6000 93.3500 92.3500 92.6000 95.6000 93.3500 89.6000 92.1000 99.1000 97.8500 99.3500 89.8500 41.8500 18.3500 21.3500 44.3500 60.6000 76.1000 93.1000 76.6000 54.3500 73.8500 93.6000 93.1000 96.1000 97.6000 97.8500 97.1000 97.6000 98.3500 98.1000
99.3500 45.1050 99.3500 2.3575 -0.6400 90.1000 49.3500 42.6000 80.6000 92.3500 84.8500 76.8500 70.3500 84.6000 88.8500 87.3500 86.8500 82.1000 75.6000 71.3500 71.6000 72.6000 76.3500 76.8500 79.1000 82.3500 80.1000 80.6000 81.3500 80.1000 79.6000 85.3500 93.6000 89.6000 84.3500 84.3500 83.8500 83.1000 88.3500 92.3500 89.8500 90.3500 92.6000 93.8500 95.8500 95.3500 96.8500 98.1000 97.3500 78.6000 35.1000 10.8500 15.8500 35.6000 51.3500 69.1000 91.1000 81.6000 62.3500 75.3500 92.8500 92.8500 95.1000 98.3500 97.3500 97.1000 97.8500 98.3500 98.3500
99.3500 24.3575 97.8500 43.1000 11.6075 90.3500 53.8500 44.8500 73.3500 91.1000 84.1000 77.3500 72.1000 83.1000 86.3500 86.1000 85.1000 80.1000 76.3500 72.6000 72.3500 73.6000 76.8500 76.8500 78.3500 80.1000 78.8500 81.6000 81.8500 80.3500 81.6000 85.8500 86.6000 78.3500 78.8500 80.3500 77.3500 83.3500 86.3500 75.6000 68.3500 74.8500 85.6000 95.6000 97.6000 94.8500 95.3500 97.1000 95.6000 72.1000 32.3500 11.1000 16.6000 30.1000 45.6000 66.8500 90.6000 89.6000 75.6000 76.8500 88.6000 89.8500 93.3500 98.1000 96.6000 96.8500 98.3500 98.3500 98.6000
99.3500 23.3575 33.3525 76.6000 34.8525 84.3500 53.3500 52.1000 72.3500 89.3500 81.8500 77.1000 76.1000 82.6000 83.6000 84.1000 83.3500 79.1000 79.1000 75.1000 72.6000 72.1000 74.1000 76.3500 77.6000 76.1000 73.6000 78.8500 80.3500 79.8500 83.1000 81.8500 80.3500 84.3500 92.1000 87.8500 77.6000 79.3500 78.8500 70.6000 68.6000 73.8500 84.8500 96.3500 93.1000 91.1000 94.6000 97.6000 97.6000 78.6000 36.6000 15.3500 21.6000 30.8500 41.6000 62.8500 84.8500 95.6000 87.8500 75.8500 81.8500 85.6000 90.3500 97.6000 96.3500 96.8500 98.3500 98.8500 98.6000
91.8500 0.6075 24.3575 79.8500 65.8500 64.1000 48.8500 60.1000 74.8500 88.6000 81.8500 77.6000 77.3500 80.3500 79.6000 82.1000 81.6000 78.6000 78.6000 75.1000 74.8500 73.3500 74.3500 76.8500 73.6000 68.1000 65.8500 75.3500 80.3500 78.3500 82.8500 83.3500 82.8500 90.6000 95.8500 91.3500 79.8500 77.1000 79.3500 79.6000 83.3500 81.6000 84.8500 96.1000 89.8500 85.3500 88.8500 95.3500 99.3500 89.1000 47.1000 19.1000 24.6000 35.8500 42.3500 58.3500 76.8500 96.1000 95.1000 74.8500 78.8500 83.3500 87.6000 97.1000 96.3500 97.1000 98.3500 98.8500 99.1000
65.3500 -0.6400 -0.6400 73.6000 91.1000 48.6000 42.3500 66.3500 77.3500 88.8500 85.1000 81.3500 77.6000 78.1000 79.3500 80.3500 79.6000 79.3500 77.3500 75.6000 80.6000 79.1000 77.3500 73.1000 59.6000 54.3500 58.6000 70.6000 77.3500 75.8500 81.8500 84.3500 83.8500 88.8500 93.8500 94.3500 83.8500 77.6000 80.3500 78.3500 79.8500 77.3500 78.1000 91.6000 90.3500 82.6000 82.6000 90.6000 98.6000 86.3500 55.8500 21.3500 22.1000 39.1000 49.8500 61.6000 73.8500 93.3500 94.8500 75.1000 80.1000 84.6000 87.3500 96.8500 96.3500 97.8500 98.3500 98.8500 98.8500
47.1050 -0.6400 -0.6400 60.1000 96.6000 47.3500 37.8500 68.3500 77.8500 88.6000 90.3500 87.6000 81.3500 79.8500 80.8500 78.3500 77.8500 80.1000 75.1000 74.8500 84.6000 82.6000 74.8500 62.3500 36.3500 32.6000 47.3500 60.6000 69.6000 73.3500 79.8500 81.6000 82.3500 88.3500 93.1000 95.6000 89.6000 79.8500 80.3500 78.6000 79.3500 77.1000 75.6000 87.1000 93.3500 88.6000 85.3500 90.6000 92.3500 77.6000 57.6000 27.3500 19.6000 43.8500 65.8500 76.1000 78.3500 91.1000 90.1000 76.1000 84.1000 88.6000 89.6000 97.3500 96.8500 98.1000 98.6000 99.1000 99.1000
22.3550 -0.6400 -0.6400 32.3500 92.8500 63.8500 39.8500 67.1000 76.6000 87.3500 93.3500 93.6000 87.8500 83.6000 81.1000 76.8500 76.8500 76.8500 70.3500 74.1000 84.1000 75.1000 59.8500 51.6000 26.8500 15.3500 33.6000 51.1000 65.8500 73.1000 77.6000 79.6000 83.1000 88.3500 84.3500 83.3500 84.1000 78.1000 77.3500 80.8500 82.8500 78.8500 76.6000 81.8500 87.3500 90.8500 88.1000 91.8500 93.1000 78.3500 64.6000 41.3500 30.6000 55.6000 88.3500 94.1000 87.1000 88.1000 82.8500 74.8500 87.1000 93.3500 93.3500 98.1000 96.6000 98.1000 98.3500 98.8500 99.1000
-0.6400 -0.6400 -0.6400 13.3550 83.6000 95.1000 49.3500 64.1000 75.3500 86.8500 93.6000 96.8500 93.1000 85.8500 80.3500 78.3500 76.8500 72.1000 68.6000 78.1000 81.1000 60.3500 41.6000 40.6000 27.6000 11.1000 21.1000 40.8500 58.3500 69.8500 73.3500 75.1000 79.8500 87.3500 82.3500 76.3500 80.3500 81.8500 79.3500 81.3500 80.6000 76.1000 77.3500 79.8500 81.8500 88.6000 88.1000 92.6000 97.3500 89.8500 80.8500 59.3500 48.6000 71.1000 98.6000 99.3500 94.6000 88.3500 77.1000 71.1000 85.8500 95.6000 96.1000 97.8500 96.1000 98.3500 98.1000 98.6000 99.1000
-0.6400 -0.6400 6.6075 6.1075 73.8500 99.3500 63.6000 62.1000 75.6000 87.8500 93.6000 97.8500 94.3500 86.1000 81.1000 79.6000 75.6000 71.3500 74.1000 85.3500 77.3500 47.3500 30.8500 32.6000 29.6000 20.3500 15.6000 32.1000 52.6000 68.3500 73.6000 74.1000 76.3500 82.6000 82.6000 81.3500 89.6000 95.6000 88.8500 81.6000 79.6000 74.6000 75.1000 78.8500 82.8500 89.1000 90.1000 95.3500 97.8500 95.8500 91.1000 71.3500 61.1000 79.6000 96.6000 98.8500 98.3500 90.8500 76.1000 69.1000 81.1000 94.8500 97.1000 97.1000 95.6000 98.1000 98.1000 98.6000 99.1000
-0.6400 -0.6400 70.8500 13.6000 63.6000 99.3500 76.6000 60.1000 76.3500 89.1000 95.1000 98.3500 92.3500 85.3500 82.1000 79.1000 74.8500 76.8500 81.8500 88.1000 74.6000 41.3500 28.1000 32.1000 31.8500 28.8500 20.8500 32.8500 54.3500 66.6000 74.6000 78.3500 80.3500 80.8500 78.8500 81.1000 86.8500 89.1000 83.3500 77.3500 77.3500 72.6000 70.1000 74.8500 83.1000 87.8500 91.6000 97.8500 95.1000 91.3500 90.1000 73.1000 64.1000 79.8500 93.3500 96.6000 98.6000 93.8500 79.1000 71.6000 77.6000 91.6000 96.3500 95.6000 95.6000 98.1000 97.8500 98.6000 98.8500
-0.6400 -0.6400 99.3500 40.8500 51.1000 97.6000 81.6000 57.1000 76.1000 90.3500 97.1000 98.1000 89.3500 83.8500 80.6000 77.8500 77.8500 84.8500 87.3500 85.3500 72.1000 40.3500 26.3500 32.8500 27.3500 24.8500 24.8500 34.8500 48.8500 59.6000 72.3500 79.8500 83.8500 86.1000 81.3500 79.8500 77.8500 74.6000 75.1000 75.6000 75.6000 73.1000 69.8500 72.6000 82.6000 87.3500 91.6000 96.8500 89.8500 89.1000 93.1000 75.8500 65.1000 77.8500 93.3500 97.1000 98.8500 95.8500 84.6000 79.6000 80.3500 90.3500 94.6000 94.3500 95.3500 97.6000 97.6000 98.1000 98.8500
-0.6400 -0.6400 99.3500 75.3500 40.3500 93.8500 75.1000 52.1000 73.1000 91.1000 97.8500 96.8500 87.3500 84.1000 79.6000 81.6000 85.6000 89.6000 88.3500 80.1000 66.8500 41.1000 30.1000 40.6000 28.1000 20.6000 24.6000 29.6000 43.1000 60.8500 76.6000 83.3500 87.6000 93.6000 86.3500 81.3500 79.6000 75.3500 73.6000 73.8500 73.3500 72.8500 70.8500 72.3500 84.3500 90.3500 91.6000 91.8500 85.3500 89.6000 98.8500 89.3500 73.3500 78.6000 93.3500 96.3500 96.8500 95.3500 91.3500 88.3500 86.1000 90.8500 93.6000 93.3500 95.3500 97.6000 97.3500 98.1000 98.6000
-0.6400 11.1075 99.3500 94.3500 44.8500 64.1000 64.1000 47.8500 68.8500 92.3500 96.8500 93.8500 86.8500 86.1000 81.8500 88.3500 90.8500 88.6000 87.1000 73.8500 56.8500 39.6000 41.1000 50.1000 35.3500 28.1000 22.8500 32.8500 57.3500 72.6000 79.8500 85.6000 92.6000 95.6000 84.1000 78.1000 79.3500 76.6000 71.1000 70.3500 72.3500 73.8500 73.3500 74.3500 85.3500 91.3500 90.3500 91.1000 90.6000 90.1000 96.3500 98.6000 87.6000 84.1000 92.1000 92.6000 95.6000 96.3500 96.1000 96.1000 90.8500 92.3500 92.6000 93.1000 96.1000 97.3500 97.3500 98.1000 98.6000
-0.6400 23.6050 99.3500 91.3500 68.1000 42.8500 60.1000 49.3500 68.6000 95.1000 95.1000 91.8500 86.8500 88.8500 86.1000 92.8500 90.8500 84.6000 82.6000 68.6000 49.8500 39.6000 47.1000 46.8500 37.1000 38.3500 27.3500 42.6000 68.1000 74.3500 76.3500 87.8500 97.8500 93.1000 80.6000 77.8500 79.3500 76.8500 71.8500 68.8500 70.3500 72.8500 75.3500 77.8500 83.8500 88.6000 91.3500 95.1000 98.6000 92.1000 82.8500 92.3500 90.1000 86.8500 89.6000 86.8500 96.1000 98.8500 97.3500 98.8500 93.1000 91.6000 92.1000 93.8500 96.8500 97.6000 97.1000 98.1000 98.6000
-0.6400 30.3550 99.3500 60.8500 95.1000 48.3500 67.3500 56.1000 75.1000 97.6000 92.8500 92.6000 88.6000 91.1000 90.6000 92.6000 88.1000 84.6000 78.1000 64.1000 54.1000 49.6000 49.8500 43.3500 40.8500 47.6000 38.3500 47.8500 61.8500 65.8500 75.6000 92.3500 99.3500 92.1000 79.6000 78.8500 79.3500 77.6000 74.6000 69.8500 67.8500 70.3500 75.3500 80.1000 79.6000 83.6000 90.1000 92.3500 98.6000 93.6000 77.6000 76.8500 74.3500 78.3500 85.8500 82.8500 96.6000 99.1000 94.3500 96.8500 92.3500 89.8500 91.3500 95.1000 97.6000 97.6000 97.1000 98.1000 98.6000
-0.6400 41.6000 53.8500 12.3550 99.3500 72.1000 78.3500 61.3500 82.6000 97.6000 91.1000 94.3500 91.1000 92.6000 93.1000 90.3500 85.3500 88.1000 76.6000 60.3500 63.6000 62.8500 52.1000 48.3500 51.8500 56.8500 52.3500 56.6000 62.8500 68.6000 82.1000 92.8500 94.8500 87.1000 78.1000 76.6000 76.1000 74.6000 73.8500 69.6000 69.6000 71.6000 75.1000 80.6000 78.1000 81.1000 90.3500 87.8500 88.6000 89.6000 82.8500 72.6000 62.6000 70.1000 84.3500 82.1000 94.3500 95.3500 89.6000 92.3500 91.1000 88.6000 91.1000 95.8500 98.3500 97.6000 97.1000 97.8500 98.6000
-0.6400 51.8500 5.3575 -0.6400 99.3500 88.8500 83.6000 61.1000 83.8500 96.1000 89.8500 94.6000 92.1000 93.6000 93.6000 87.3500 80.3500 87.6000 77.8500 62.6000 68.8500 70.1000 56.6000 54.1000 62.3500 69.3500 68.8500 71.8500 75.3500 79.6000 88.3500 91.3500 85.3500 80.8500 78.3500 78.1000 76.3500 74.6000 73.1000 67.6000 68.3500 71.8500 73.3500 78.6000 79.3500 81.8500 91.6000 92.1000 85.1000 83.6000 90.1000 80.1000 64.6000 71.8500 88.3500 85.6000 89.1000 88.6000 87.6000 91.1000 90.6000 88.1000 90.6000 96.6000 98.3500 97.6000 96.8500 97.8500 98.3500
-0.6400 61.1000 -0.6400 -0.6400 93.3500 76.3500 87.6000 58.3500 80.6000 94.3500 89.6000 93.1000 92.3500 94.6000 92.1000 85.3500 74.3500 77.6000 77.3500 72.6000 75.1000 75.1000 64.8500 56.8500 69.6000 80.6000 76.1000 74.8500 76.3500 79.3500 86.8500 86.1000 77.8500 77.1000 79.3500 78.1000 76.6000 75.8500 73.8500 67.8500 67.8500 71.8500 72.8500 76.6000 79.6000 82.3500 88.6000 93.6000 86.6000 79.6000 88.8500 88.1000 75.3500 77.6000 91.1000 92.3500 86.6000 85.3500 86.1000 87.1000 88.3500 89.3500 89.6000 96.3500 98.1000 97.3500 97.3500 97.8500 98.3500
-0.6400 68.8500 0.3550 -0.6400 64.6025 38.8525 83.3500 58.6000 78.3500 94.8500 91.1000 89.8500 90.6000 94.8500 89.8500 84.6000 72.1000 68.3500 73.6000 76.6000 78.8500 79.6000 73.8500 63.3500 74.3500 80.6000 73.8500 70.1000 70.3500 76.6000 82.6000 79.3500 73.3500 75.1000 78.6000 77.3500 77.3500 76.8500 72.6000 68.6000 70.3500 73.3500 74.6000 75.3500 78.8500 82.3500 85.6000 90.8500 88.3500 79.1000 82.8500 86.8500 83.3500 79.3500 86.8500 96.8500 89.3500 86.1000 82.8500 80.3500 84.8500 91.8500 89.1000 95.8500 97.6000 97.8500 97.6000 97.8500 98.3500
-0.6400 74.6000 16.1025 -0.6400 26.6050 -0.6400 69.3500 65.1000 80.8500 97.1000 92.6000 87.8500 87.6000 94.1000 87.8500 85.3500 74.8500 68.8500 72.1000 75.3500 78.3500 81.1000 81.1000 75.6000 75.8500 72.6000 69.1000 69.6000 70.1000 76.1000 78.6000 77.1000 75.6000 75.6000 77.6000 76.8500 77.8500 77.6000 70.3500 65.8500 69.6000 74.6000 74.8500 74.1000 77.3500 82.3500 84.8500 90.3500 88.8500 79.8500 81.6000 86.8500 89.1000 82.6000 85.3500 97.3500 92.6000 89.1000 81.8500 74.3500 82.1000 94.8500 89.6000 95.6000 97.3500 98.1000 97.6000 98.1000 98.3500
-0.6400 78.3500 37.8500 -0.6400 -0.6400 -0.6400 57.3500 72.8500 87.3500 97.6000 92.8500 88.3500 87.3500 92.6000 87.3500 86.8500 78.1000 75.3500 75.6000 76.6000 79.8500 79.8500 83.1000 81.1000 76.6000 68.6000 67.3500 70.3500 72.3500 78.1000 78.3500 76.8500 76.1000 76.3500 78.3500 76.3500 77.3500 78.1000 72.3500 66.3500 68.3500 74.3500 75.3500 73.1000 76.6000 81.3500 82.6000 90.1000 89.3500 79.1000 83.6000 90.1000 94.1000 90.6000 90.3500 96.1000 90.1000 91.1000 83.8500 72.6000 81.1000 96.3500 92.1000 96.6000 97.6000 98.3500 98.1000 98.1000 98.3500
-0.6400 80.1000 60.8500 30.8525 0.1075 -0.6400 56.8500 76.1000 91.3500 95.3500 91.6000 91.8500 92.3500 91.6000 87.8500 89.1000 79.6000 80.1000 79.3500 79.8500 80.3500 73.8500 76.8500 79.8500 78.8500 73.8500 70.8500 72.6000 76.1000 80.8500 80.3500 76.3500 72.8500 75.3500 79.1000 77.8500 79.1000 78.3500 75.3500 71.3500 71.1000 74.6000 74.8500 73.3500 76.3500 81.1000 82.3500 90.1000 91.3500 78.8500 82.6000 91.3500 95.3500 96.3500 95.8500 93.8500 84.6000 90.3500 89.1000 75.3500 82.3500 97.1000 94.8500 97.6000 97.6000 98.6000 98.3500 98.1000 98.6000
1.1075 80.6000 74.1000 65.3500 38.3500 -0.6400 68.1000 75.6000 87.1000 92.3500 90.8500 94.8500 98.1000 92.1000 88.3500 89.6000 80.3500 79.6000 77.1000 77.6000 77.3500 72.6000 75.6000 77.3500 78.3500 74.8500 72.8500 77.1000 80.1000 80.1000 77.1000 74.6000 72.6000 74.8500 77.6000 77.3500 77.8500 76.1000 76.3500 76.6000 77.6000 77.8500 76.8500 76.1000 75.1000 78.8500 83.3500 90.3500 95.1000 84.1000 81.8500 91.3500 94.8500 95.8500 96.1000 91.6000 82.6000 88.8500 93.1000 80.3500 84.3500 96.8500 96.8500 99.1000 98.1000 98.6000 98.6000 98.1000 98.6000
6.6050 79.6000 79.3500 81.1000 75.3500 6.3575 83.3500 74.6000 83.8500 91.8500 91.6000 97.3500 98.1000 90.3500 86.1000 87.3500 82.3500 79.8500 71.6000 71.1000 75.1000 80.1000 82.1000 74.6000 73.1000 73.8500 76.6000 81.3500 81.1000 78.8500 75.6000 75.6000 74.1000 75.8500 79.3500 78.1000 75.6000 76.8500 77.8500 75.8500 77.8500 78.3500 76.6000 77.8500 76.3500 79.6000 84.6000 88.6000 95.8500 92.6000 86.6000 93.6000 96.1000 93.8500 93.3500 94.1000 87.6000 89.1000 94.6000 84.6000 85.1000 96.3500 97.6000 99.3500 98.8500 98.8500 98.8500 98.1000 98.8500
18.6025 77.6000 81.1000 86.6000 90.3500 37.1000 93.8500 74.8500 86.8500 93.1000 95.8500 97.8500 95.6000 87.3500 84.1000 84.3500 86.3500 84.3500 73.1000 71.3500 79.1000 87.6000 83.3500 70.8500 73.1000 80.3500 87.3500 85.1000 79.6000 78.8500 77.8500 77.6000 75.3500 77.3500 82.1000 79.1000 76.3500 78.8500 78.8500 74.6000 76.1000 77.3500 75.8500 76.3500 77.8500 83.6000 86.6000 86.1000 92.8500 98.1000 94.6000 96.3500 95.8500 92.6000 91.1000 97.6000 96.1000 92.3500 94.3500 86.8500 85.1000 94.8500 97.6000 99.3500 99.1000 99.1000 98.8500 98.3500 98.8500
27.6000 75.8500 81.6000 87.8500 92.8500 73.3500 96.1000 78.6000 93.8500 93.3500 98.6000 96.8500 90.1000 85.1000 85.1000 85.3500 91.3500 90.3500 81.6000 84.3500 90.3500 93.1000 85.3500 79.6000 84.8500 88.6000 92.8500 86.3500 79.6000 78.8500 78.1000 77.8500 75.1000 79.1000 82.6000 78.8500 77.1000 77.8500 76.3500 74.3500 74.1000 76.6000 78.1000 76.1000 78.8500 85.1000 87.6000 85.1000 86.8500 95.1000 98.6000 97.3500 93.1000 90.3500 90.1000 97.1000 98.3500 95.1000 94.1000 88.6000 86.1000 95.3500 98.3500 99.3500 99.1000 99.1000 98.8500 98.3500 99.1000
37.3500 74.6000 82.8500 86.8500 92.6000 88.8500 91.6000 83.6000 98.1000 91.3500 98.1000 95.6000 88.6000 86.6000 89.6000 89.8500 94.8500 94.1000 88.8500 92.6000 94.6000 94.8500 91.8500 92.8500 94.6000 91.3500 92.1000 84.3500 77.6000 75.6000 76.8500 78.1000 75.3500 80.6000 83.1000 77.8500 75.3500 74.8500 73.3500 72.6000 72.3500 74.3500 77.8500 75.6000 80.1000 86.6000 89.3500 87.3500 82.8500 88.3500 97.3500 98.1000 92.3500 90.1000 90.1000 93.1000 96.6000 94.3500 94.6000 91.3500 88.8500 97.1000 98.8500 99.3500 98.8500 99.3500 98.8500 98.3500 99.1000
44.6000 74.1000 85.1000 86.3500 92.3500 94.8500 72.6000 87.8500 96.8500 88.3500 96.6000 94.6000 91.3500 91.3500 93.3500 92.3500 94.3500 94.1000 91.3500 90.3500 85.8500 87.6000 90.1000 91.6000 90.1000 88.3500 90.6000 84.3500 78.3500 76.3500 78.1000 78.3500 75.1000 80.3500 82.8500 78.3500 73.6000 73.6000 74.1000 74.3500 75.1000 75.1000 75.8500 75.1000 81.3500 88.1000 91.8500 91.1000 85.1000 86.1000 91.6000 97.6000 94.1000 90.8500 91.3500 90.6000 89.1000 89.6000 94.6000 94.6000 92.6000 98.3500 98.8500 99.1000 98.3500 99.1000 98.8500 98.3500 99.1000
50.1000 74.6000 88.3500 84.3500 92.1000 96.6000 41.6000 90.3500 94.8500 88.6000 96.3500 94.1000 94.6000 95.3500 95.6000 93.3500 87.8500 86.6000 89.1000 86.8500 77.8500 78.8500 82.6000 83.6000 85.6000 85.3500 86.1000 83.3500 81.6000 80.1000 80.8500 78.1000 74.3500 78.8500 81.8500 79.8500 75.1000 74.8500 77.1000 76.6000 76.3500 73.8500 76.1000 78.6000 81.6000 86.1000 89.6000 90.1000 87.8500 87.6000 87.3500 95.1000 95.3500 90.6000 91.3500 90.6000 86.1000 85.3500 91.8500 95.1000 94.6000 99.1000 99.1000 98.8500 98.3500 98.8500 98.8500 98.6000 99.1000
54.6000 75.3500 91.3500 76.8500 88.6000 95.3500 16.1025 91.8500 92.8500 92.6000 98.1000 93.8500 97.1000 97.6000 97.1000 93.6000 82.8500 77.3500 82.1000 86.8500 80.8500 77.6000 77.1000 79.6000 85.3500 85.1000 80.8500 78.8500 80.1000 79.6000 80.3500 77.6000 74.3500 78.1000 78.8500 78.6000 76.8500 75.8500 78.1000 78.6000 76.3500 73.3500 77.6000 81.3500 81.3500 82.6000 83.6000 85.3500 88.3500 89.1000 87.3500 92.6000 95.1000 91.1000 90.1000 88.6000 85.6000 83.6000 87.6000 91.8500 93.6000 98.3500 98.6000 98.8500 98.3500 98.6000 98.6000 98.6000 99.1000
58.1000 76.3500 91.1000 57.1000 77.6000 91.6000 7.8575 91.8500 90.8500 96.8500 98.8500 94.1000 97.3500 97.6000 97.8500 93.3500 81.8500 75.1000 77.8500 84.3500 82.8500 78.3500 75.6000 76.6000 81.6000 83.3500 81.3500 78.3500 80.1000 81.1000 79.8500 77.8500 75.3500 78.6000 78.6000 77.1000 77.6000 75.8500 75.3500 76.6000 78.8500 78.1000 78.3500 79.1000 79.6000 79.8500 79.1000 81.3500 86.6000 90.1000 89.8500 92.6000 94.8500 94.6000 91.1000 84.3500 82.1000 83.1000 84.8500 88.3500 91.6000 96.6000 98.3500 98.8500 98.6000 98.8500 98.6000 98.6000 99.1000
